var coauthorships6 = [[[11.3236637,49.5730438],[8.2798774,49.997447]],
[[11.7687597,48.2697678],[6.9915192,50.936379]],
[[8.4346999,49.0246986],[11.5699075,48.1514082]],
[[8.4346999,49.0246986],[9.98389,53.5669]],
[[6.0706367,50.7768129],[6.4232242,50.9108523]],
[[8.2798774,49.997447],[11.3236637,49.5730438]],
[[6.4232242,50.9108523],[7.1022809,50.733848]],
[[11.5699075,48.1514082],[11.3236637,49.5730438]],
[[7.9049201,48.0288544],[11.3236637,49.5730438]],
[[6.4232242,50.9108523],[7.2695593,51.4483963]],
[[6.9915192,50.936379],[6.79417,51.1903]],
[[9.98389,53.5669],[8.4346999,49.0246986]],
[[6.0706367,50.7768129],[6.9915192,50.936379]],
[[7.1022809,50.733848],[6.79417,51.1903]],
[[9.0841265,48.5526352],[8.8493576,50.2427025]],
[[11.5699075,48.1514082],[12.7380044,51.3678333]],
[[6.79417,51.1903],[7.1022809,50.733848]],
[[7.1022809,50.733848],[6.4232242,50.9108523]],
[[6.4232242,50.9108523],[9.98389,53.5669]],
[[11.3236637,49.5730438],[6.4232242,50.9108523]],
[[7.1022809,50.733848],[6.9915192,50.936379]],
[[13.9248276,51.0569113],[6.4232242,50.9108523]],
[[7.2695593,51.4483963],[6.0706367,50.7768129]],
[[9.0841265,48.5526352],[13.3948782,52.5200851]],
[[11.3236637,49.5730438],[13.9248276,51.0569113]],
[[10.0150461,48.4323616],[11.7687597,48.2697678]],
[[9.0841265,48.5526352],[11.3236637,49.5730438]],
[[8.4346999,49.0246986],[9.0841265,48.5526352]],
[[12.7380044,51.3678333],[12.9596891,51.9611664]],
[[11.7687597,48.2697678],[10.0150461,48.4323616]],
[[11.5699075,48.1514082],[7.9049201,48.0288544]],
[[13.3948782,52.5200851],[7.2695593,51.4483963]],
[[6.9915192,50.936379],[8.6583986,49.8769831]],
[[9.98389,53.5669],[13.3948782,52.5200851]],
[[12.7380044,51.3678333],[11.7687597,48.2697678]],
[[8.4346999,49.0246986],[8.2798774,49.997447]],
[[11.7687597,48.2697678],[6.0706367,50.7768129]],
[[12.7380044,51.3678333],[7.1022809,50.733848]],
[[8.4346999,49.0246986],[9.3679895,48.8968582]],
[[9.98389,53.5669],[11.3236637,49.5730438]],
[[12.7380044,51.3678333],[11.5699075,48.1514082]],
[[6.4232242,50.9108523],[8.2798774,49.997447]],
[[8.2798774,49.997447],[7.2695593,51.4483963]],
[[11.5699075,48.1514082],[7.1022809,50.733848]],
[[8.2798774,49.997447],[9.9710579,49.8196831]],
[[9.9710579,49.8196831],[7.6285142,51.9698574]],
[[11.5699075,48.1514082],[7.2695593,51.4483963]],
[[6.9915192,50.936379],[6.0706367,50.7768129]],
[[6.0777186,50.7772676],[9.98389,53.5669]],
[[8.4346999,49.0246986],[6.4232242,50.9108523]],
[[7.1022809,50.733848],[6.0706367,50.7768129]],
[[8.2798774,49.997447],[11.5699075,48.1514082]],
[[8.8493576,50.2427025],[11.7687597,48.2697678]],
[[8.2798774,49.997447],[9.98389,53.5669]],
[[10.0150461,48.4323616],[9.0841265,48.5526352]],
[[7.9049201,48.0288544],[11.5699075,48.1514082]],
[[11.7687597,48.2697678],[8.4346999,49.0246986]],
[[7.9049201,48.0288544],[9.98389,53.5669]],
[[6.0706367,50.7768129],[8.4346999,49.0246986]],
[[7.2695593,51.4483963],[13.3948782,52.5200851]],
[[9.0841265,48.5526352],[11.7687597,48.2697678]],
[[9.98389,53.5669],[7.9049201,48.0288544]],
[[9.0841265,48.5526352],[7.1022809,50.733848]],
[[9.0841265,48.5526352],[9.9710579,49.8196831]],
[[9.0841265,48.5526352],[7.2695593,51.4483963]],
[[7.2695593,51.4483963],[11.3236637,49.5730438]],
[[6.79417,51.1903],[6.9915192,50.936379]],
[[7.1022809,50.733848],[8.4346999,49.0246986]],
[[11.3236637,49.5730438],[8.4346999,49.0246986]],
[[11.7687597,48.2697678],[8.8493576,50.2427025]],
[[9.0841265,48.5526352],[11.5699075,48.1514082]],
[[13.3948782,52.5200851],[11.3236637,49.5730438]],
[[9.0841265,48.5526352],[9.98389,53.5669]],
[[8.2798774,49.997447],[9.0841265,48.5526352]],
[[11.5699075,48.1514082],[9.0841265,48.5526352]],
[[9.98389,53.5669],[11.7687597,48.2697678]],
[[9.9710579,49.8196831],[11.7687597,48.2697678]],
[[9.9710579,49.8196831],[7.1022809,50.733848]],
[[8.6583986,49.8769831],[11.5699075,48.1514082]],
[[11.5699075,48.1514082],[8.2798774,49.997447]],
[[8.8493576,50.2427025],[9.0841265,48.5526352]],
[[8.4346999,49.0246986],[6.0706367,50.7768129]],
[[11.7687597,48.2697678],[11.3236637,49.5730438]],
[[6.0706367,50.7768129],[13.3948782,52.5200851]],
[[11.7687597,48.2697678],[12.7380044,51.3678333]],
[[6.4232242,50.9108523],[6.0706367,50.7768129]],
[[11.3236637,49.5730438],[13.3948782,52.5200851]],
[[12.1429987,49.0417938],[11.7687597,48.2697678]],
[[8.2798774,49.997447],[6.4232242,50.9108523]],
[[13.9248276,51.0569113],[13.3948782,52.5200851]],
[[7.1022809,50.733848],[11.3236637,49.5730438]],
[[9.98389,53.5669],[6.0777186,50.7772676]],
[[11.5699075,48.1514082],[6.9915192,50.936379]],
[[13.9248276,51.0569113],[11.3236637,49.5730438]],
[[9.0841265,48.5526352],[8.2798774,49.997447]],
[[7.1022809,50.733848],[12.7380044,51.3678333]],
[[11.5699075,48.1514082],[13.9248276,51.0569113]],
[[7.2695593,51.4483963],[11.7687597,48.2697678]],
[[7.2695593,51.4483963],[7.1022809,50.733848]],
[[7.6285142,51.9698574],[9.9710579,49.8196831]],
[[9.9710579,49.8196831],[9.0841265,48.5526352]],
[[9.98389,53.5669],[9.0841265,48.5526352]],
[[6.4232242,50.9108523],[8.4346999,49.0246986]],
[[7.2695593,51.4483963],[11.5699075,48.1514082]],
[[7.2695593,51.4483963],[9.98389,53.5669]],
[[9.0841265,48.5526352],[6.4232242,50.9108523]],
[[13.3948782,52.5200851],[6.0706367,50.7768129]],
[[9.98389,53.5669],[8.2798774,49.997447]],
[[9.9710579,49.8196831],[8.2798774,49.997447]],
[[11.5699075,48.1514082],[8.6583986,49.8769831]],
[[6.4232242,50.9108523],[9.0841265,48.5526352]],
[[13.3948782,52.5200851],[9.98389,53.5669]],
[[9.0841265,48.5526352],[13.9248276,51.0569113]],
[[11.3236637,49.5730438],[7.9049201,48.0288544]],
[[6.0777186,50.7772676],[7.1022809,50.733848]],
[[11.7687597,48.2697678],[7.2695593,51.4483963]],
[[11.7687597,48.2697678],[9.9710579,49.8196831]],
[[6.0777186,50.7772676],[6.0706367,50.7768129]],
[[8.8676095,53.1144974],[8.4346999,49.0246986]],
[[6.0706367,50.7768129],[11.7687597,48.2697678]],
[[6.0706367,50.7768129],[7.1022809,50.733848]],
[[9.98389,53.5669],[6.4232242,50.9108523]],
[[6.0706367,50.7768129],[7.2695593,51.4483963]],
[[8.6583986,49.8769831],[6.9915192,50.936379]],
[[11.7687597,48.2697678],[9.98389,53.5669]],
[[8.4346999,49.0246986],[11.3236637,49.5730438]],
[[8.2798774,49.997447],[6.0706367,50.7768129]],
[[11.5699075,48.1514082],[6.0706367,50.7768129]],
[[6.9915192,50.936379],[11.7687597,48.2697678]],
[[6.9915192,50.936379],[7.1022809,50.733848]],
[[9.98389,53.5669],[13.9248276,51.0569113]],
[[7.2695593,51.4483963],[9.0841265,48.5526352]],
[[6.0706367,50.7768129],[11.5699075,48.1514082]],
[[11.3236637,49.5730438],[11.7687597,48.2697678]],
[[7.1022809,50.733848],[7.2695593,51.4483963]],
[[7.1022809,50.733848],[9.9710579,49.8196831]],
[[11.3236637,49.5730438],[7.1022809,50.733848]],
[[11.3236637,49.5730438],[7.2695593,51.4483963]],
[[6.4232242,50.9108523],[11.3236637,49.5730438]],
[[13.3948782,52.5200851],[9.0841265,48.5526352]],
[[6.9915192,50.936379],[11.5699075,48.1514082]],
[[13.9248276,51.0569113],[7.2695593,51.4483963]],
[[7.2695593,51.4483963],[8.2798774,49.997447]],
[[9.0841265,48.5526352],[10.0150461,48.4323616]],
[[7.1022809,50.733848],[11.5699075,48.1514082]],
[[11.3236637,49.5730438],[11.5699075,48.1514082]],
[[11.3236637,49.5730438],[9.98389,53.5669]],
[[6.4232242,50.9108523],[13.9248276,51.0569113]],
[[13.9248276,51.0569113],[11.5699075,48.1514082]],
[[13.9248276,51.0569113],[9.98389,53.5669]],
[[6.0706367,50.7768129],[6.0777186,50.7772676]],
[[8.2798774,49.997447],[8.4346999,49.0246986]],
[[11.5699075,48.1514082],[8.4346999,49.0246986]],
[[11.7687597,48.2697678],[9.0841265,48.5526352]],
[[9.3679895,48.8968582],[8.4346999,49.0246986]],
[[7.2695593,51.4483963],[6.4232242,50.9108523]],
[[7.1022809,50.733848],[6.0777186,50.7772676]],
[[11.7687597,48.2697678],[12.1429987,49.0417938]],
[[12.9596891,51.9611664],[12.7380044,51.3678333]],
[[7.2695593,51.4483963],[13.9248276,51.0569113]],
[[7.1022809,50.733848],[9.0841265,48.5526352]],
[[6.0706367,50.7768129],[8.2798774,49.997447]],
[[11.3236637,49.5730438],[9.0841265,48.5526352]],
[[9.0841265,48.5526352],[8.4346999,49.0246986]],
[[13.3948782,52.5200851],[13.9248276,51.0569113]],
[[8.4346999,49.0246986],[11.7687597,48.2697678]],
[[13.9248276,51.0569113],[9.0841265,48.5526352]],
[[9.98389,53.5669],[7.2695593,51.4483963]],
[[8.4346999,49.0246986],[8.8676095,53.1144974]],
[[8.4346999,49.0246986],[7.1022809,50.733848]]];


