var coauthorships7 = [[[11.7687597,48.2697678],[6.4232242,50.9108523]],
[[6.0706367,50.7768129],[6.79417,51.1903]],
[[9.769208,52.3563646],[7.9049201,48.0288544]],
[[6.9915192,50.936379],[9.3679895,48.8968582]],
[[11.3236637,49.5730438],[12.1429987,49.0417938]],
[[11.5699075,48.1514082],[13.3948782,52.5200851]],
[[9.0841265,48.5526352],[11.609458,49.9691505]],
[[12.1429987,49.0417938],[10.0150461,48.4323616]],
[[9.9330581,51.5287719],[12.1429987,49.0417938]],
[[12.1429987,49.0417938],[9.9330581,51.5287719]],
[[7.1022809,50.733848],[9.3679895,48.8968582]],
[[6.9915192,50.936379],[12.530617,48.1832659]],
[[7.6285142,51.9698574],[10.1825515,54.3356426]],
[[9.9330581,51.5287719],[8.2798774,49.997447]],
[[7.2695593,51.4483963],[8.6583986,49.8769831]],
[[13.9248276,51.0569113],[12.1429987,49.0417938]],
[[11.6304007,50.9599419],[12.1429987,49.0417938]],
[[7.2695593,51.4483963],[10.1825515,54.3356426]],
[[12.9596891,51.9611664],[7.9049201,48.0288544]],
[[9.9710579,49.8196831],[7.0468998,49.2584581]],
[[6.79417,51.1903],[12.9596891,51.9611664]],
[[8.8676095,53.1144974],[7.9049201,48.0288544]],
[[11.3236637,49.5730438],[9.3679895,48.8968582]],
[[11.6304007,50.9599419],[8.2798774,49.997447]],
[[12.7380044,51.3678333],[7.6285142,51.9698574]],
[[6.0777186,50.7772676],[13.9248276,51.0569113]],
[[12.133532,54.0883736],[11.6304007,50.9599419]],
[[6.4232242,50.9108523],[8.8676095,53.1144974]],
[[11.7687597,48.2697678],[11.6304007,50.9599419]],
[[8.6583986,49.8769831],[8.4346999,49.0246986]],
[[8.2798774,49.997447],[8.4907578,52.0369388]],
[[13.9248276,51.0569113],[9.3679895,48.8968582]],
[[11.6304007,50.9599419],[9.3679895,48.8968582]],
[[11.5699075,48.1514082],[8.4907578,52.0369388]],
[[7.0468998,49.2584581],[11.7687597,48.2697678]],
[[10.0150461,48.4323616],[7.9049201,48.0288544]],
[[7.9049201,48.0288544],[8.4907578,52.0369388]],
[[9.9710579,49.8196831],[8.4346999,49.0246986]],
[[12.1429987,49.0417938],[6.0706367,50.7768129]],
[[6.79417,51.1903],[11.7687597,48.2697678]],
[[8.8493576,50.2427025],[13.3948782,52.5200851]],
[[8.7045298,50.6035385],[11.3236637,49.5730438]],
[[7.6285142,51.9698574],[10.0150461,48.4323616]],
[[7.0468998,49.2584581],[7.1022809,50.733848]],
[[11.3236637,49.5730438],[6.79417,51.1903]],
[[7.6285142,51.9698574],[9.9330581,51.5287719]],
[[6.9915192,50.936379],[6.4232242,50.9108523]],
[[8.2798774,49.997447],[12.7380044,51.3678333]],
[[6.0706367,50.7768129],[13.9248276,51.0569113]],
[[6.7866599,51.4308171],[8.8493576,50.2427025]],
[[7.0468998,49.2584581],[9.9710579,49.8196831]],
[[6.0706367,50.7768129],[11.6304007,50.9599419]],
[[7.0468998,49.2584581],[7.2695593,51.4483963]],
[[7.2695593,51.4483963],[10.0150461,48.4323616]],
[[9.3679895,48.8968582],[11.3236637,49.5730438]],
[[12.1429987,49.0417938],[11.6521292,52.1418259]],
[[9.9330581,51.5287719],[6.79417,51.1903]],
[[7.2695593,51.4483963],[9.9330581,51.5287719]],
[[10.1825515,54.3356426],[10.0150461,48.4323616]],
[[9.1911959,47.6916692],[11.3236637,49.5730438]],
[[11.6304007,50.9599419],[6.79417,51.1903]],
[[6.79417,51.1903],[9.9710579,49.8196831]],
[[8.2798774,49.997447],[7.6285142,51.9698574]],
[[10.1825515,54.3356426],[9.9330581,51.5287719]],
[[9.1911959,47.6916692],[8.4907578,52.0369388]],
[[11.5699075,48.1514082],[7.6285142,51.9698574]],
[[8.8493576,50.2427025],[11.3236637,49.5730438]],
[[6.79417,51.1903],[6.0706367,50.7768129]],
[[9.769208,52.3563646],[11.7687597,48.2697678]],
[[9.9710579,49.8196831],[11.609458,49.9691505]],
[[8.7045298,50.6035385],[12.7380044,51.3678333]],
[[7.9049201,48.0288544],[7.6285142,51.9698574]],
[[10.0150461,48.4323616],[12.9596891,51.9611664]],
[[12.1429987,49.0417938],[8.7045298,50.6035385]],
[[7.6285142,51.9698574],[6.0706367,50.7768129]],
[[6.9915192,50.936379],[11.6304007,50.9599419]],
[[6.9915192,50.936379],[13.9248276,51.0569113]],
[[9.769208,52.3563646],[7.1022809,50.733848]],
[[11.6304007,50.9599419],[6.4232242,50.9108523]],
[[9.3679895,48.8968582],[12.7380044,51.3678333]],
[[7.0468998,49.2584581],[11.5699075,48.1514082]],
[[13.3948782,52.5200851],[10.0150461,48.4323616]],
[[12.9596891,51.9611664],[11.7687597,48.2697678]],
[[8.7045298,50.6035385],[7.6285142,51.9698574]],
[[11.3236637,49.5730438],[6.9915192,50.936379]],
[[8.8676095,53.1144974],[11.7687597,48.2697678]],
[[8.4346999,49.0246986],[12.133532,54.0883736]],
[[7.2695593,51.4483963],[9.769208,52.3563646]],
[[9.769208,52.3563646],[7.2695593,51.4483963]],
[[9.769208,52.3563646],[9.9710579,49.8196831]],
[[11.6521292,52.1418259],[10.0150461,48.4323616]],
[[6.79417,51.1903],[11.5699075,48.1514082]],
[[11.609458,49.9691505],[9.0841265,48.5526352]],
[[7.1022809,50.733848],[11.6304007,50.9599419]],
[[10.1825515,54.3356426],[6.0706367,50.7768129]],
[[12.7380044,51.3678333],[7.9049201,48.0288544]],
[[9.9330581,51.5287719],[6.9915192,50.936379]],
[[6.79417,51.1903],[9.98389,53.5669]],
[[7.6285142,51.9698574],[11.6521292,52.1418259]],
[[8.8676095,53.1144974],[7.1022809,50.733848]],
[[11.3236637,49.5730438],[11.6304007,50.9599419]],
[[11.6304007,50.9599419],[6.9915192,50.936379]],
[[13.9248276,51.0569113],[6.9915192,50.936379]],
[[8.8493576,50.2427025],[12.7380044,51.3678333]],
[[11.7687597,48.2697678],[8.6583986,49.8769831]],
[[7.2695593,51.4483963],[11.6521292,52.1418259]],
[[12.9596891,51.9611664],[7.1022809,50.733848]],
[[12.133532,54.0883736],[10.1825515,54.3356426]],
[[11.7687597,48.2697678],[10.1825515,54.3356426]],
[[8.8676095,53.1144974],[7.2695593,51.4483963]],
[[12.9596891,51.9611664],[7.2695593,51.4483963]],
[[8.8676095,53.1144974],[9.9710579,49.8196831]],
[[12.9596891,51.9611664],[9.9710579,49.8196831]],
[[9.1911959,47.6916692],[7.6285142,51.9698574]],
[[6.0777186,50.7772676],[7.9049201,48.0288544]],
[[9.9330581,51.5287719],[11.6304007,50.9599419]],
[[9.9330581,51.5287719],[13.9248276,51.0569113]],
[[10.0150461,48.4323616],[8.8676095,53.1144974]],
[[8.8493576,50.2427025],[7.6285142,51.9698574]],
[[13.9248276,51.0569113],[11.6304007,50.9599419]],
[[11.6304007,50.9599419],[13.9248276,51.0569113]],
[[10.0150461,48.4323616],[7.1022809,50.733848]],
[[9.98389,53.5669],[8.8493576,50.2427025]],
[[9.9710579,49.8196831],[8.8493576,50.2427025]],
[[6.79417,51.1903],[6.7866599,51.4308171]],
[[9.769208,52.3563646],[11.5699075,48.1514082]],
[[10.0150461,48.4323616],[9.1911959,47.6916692]],
[[7.6285142,51.9698574],[8.7045298,50.6035385]],
[[10.0150461,48.4323616],[9.9710579,49.8196831]],
[[6.7866599,51.4308171],[11.3236637,49.5730438]],
[[10.0150461,48.4323616],[7.2695593,51.4483963]],
[[6.0706367,50.7768129],[8.6583986,49.8769831]],
[[7.2695593,51.4483963],[8.7045298,50.6035385]],
[[11.6521292,52.1418259],[6.0706367,50.7768129]],
[[6.0706367,50.7768129],[10.1825515,54.3356426]],
[[11.609458,49.9691505],[12.1429987,49.0417938]],
[[8.4907578,52.0369388],[8.2798774,49.997447]],
[[12.530617,48.1832659],[6.0706367,50.7768129]],
[[12.9596891,51.9611664],[11.5699075,48.1514082]],
[[12.133532,54.0883736],[10.0150461,48.4323616]],
[[8.8676095,53.1144974],[11.5699075,48.1514082]],
[[9.1530294,48.8324775],[10.0150461,48.4323616]],
[[12.133532,54.0883736],[9.9330581,51.5287719]],
[[8.8676095,53.1144974],[9.98389,53.5669]],
[[12.9596891,51.9611664],[9.98389,53.5669]],
[[11.7687597,48.2697678],[9.9330581,51.5287719]],
[[9.0841265,48.5526352],[12.7380044,51.3678333]],
[[11.609458,49.9691505],[9.3679895,48.8968582]],
[[10.0150461,48.4323616],[11.5699075,48.1514082]],
[[7.6285142,51.9698574],[7.0468998,49.2584581]],
[[6.7866599,51.4308171],[12.7380044,51.3678333]],
[[10.0150461,48.4323616],[9.98389,53.5669]],
[[7.2695593,51.4483963],[7.0468998,49.2584581]],
[[9.0841265,48.5526352],[7.6285142,51.9698574]],
[[8.7045298,50.6035385],[7.9049201,48.0288544]],
[[6.9915192,50.936379],[10.1825515,54.3356426]],
[[6.79417,51.1903],[12.133532,54.0883736]],
[[6.0706367,50.7768129],[10.0150461,48.4323616]],
[[6.7866599,51.4308171],[7.6285142,51.9698574]],
[[7.1022809,50.733848],[8.6583986,49.8769831]],
[[12.1429987,49.0417938],[11.609458,49.9691505]],
[[11.6521292,52.1418259],[8.7045298,50.6035385]],
[[6.0706367,50.7768129],[9.9330581,51.5287719]],
[[7.1022809,50.733848],[10.1825515,54.3356426]],
[[9.3679895,48.8968582],[7.9049201,48.0288544]],
[[12.133532,54.0883736],[6.0706367,50.7768129]],
[[11.7687597,48.2697678],[9.769208,52.3563646]],
[[11.3236637,49.5730438],[8.6583986,49.8769831]],
[[8.6583986,49.8769831],[11.3236637,49.5730438]],
[[7.6285142,51.9698574],[8.4346999,49.0246986]],
[[12.7380044,51.3678333],[8.8676095,53.1144974]],
[[11.3236637,49.5730438],[10.1825515,54.3356426]],
[[7.2695593,51.4483963],[8.4346999,49.0246986]],
[[10.0150461,48.4323616],[6.7866599,51.4308171]],
[[9.1911959,47.6916692],[7.9049201,48.0288544]],
[[12.7380044,51.3678333],[7.2695593,51.4483963]],
[[8.2798774,49.997447],[12.9596891,51.9611664]],
[[12.7380044,51.3678333],[9.9710579,49.8196831]],
[[12.133532,54.0883736],[11.6521292,52.1418259]],
[[9.9330581,51.5287719],[10.1825515,54.3356426]],
[[11.5699075,48.1514082],[12.9596891,51.9611664]],
[[8.8493576,50.2427025],[7.9049201,48.0288544]],
[[13.9248276,51.0569113],[8.6583986,49.8769831]],
[[9.9710579,49.8196831],[11.3236637,49.5730438]],
[[11.7687597,48.2697678],[11.6521292,52.1418259]],
[[10.1825515,54.3356426],[8.4346999,49.0246986]],
[[11.6304007,50.9599419],[8.6583986,49.8769831]],
[[7.9049201,48.0288544],[12.9596891,51.9611664]],
[[9.98389,53.5669],[8.4907578,52.0369388]],
[[9.9710579,49.8196831],[8.4907578,52.0369388]],
[[7.0468998,49.2584581],[9.0841265,48.5526352]],
[[6.9915192,50.936379],[10.0150461,48.4323616]],
[[8.4907578,52.0369388],[6.4232242,50.9108523]],
[[11.6521292,52.1418259],[7.0468998,49.2584581]],
[[6.0777186,50.7772676],[7.2695593,51.4483963]],
[[11.609458,49.9691505],[11.3236637,49.5730438]],
[[6.79417,51.1903],[9.0841265,48.5526352]],
[[6.9915192,50.936379],[9.9330581,51.5287719]],
[[7.1022809,50.733848],[10.0150461,48.4323616]],
[[8.7045298,50.6035385],[12.9596891,51.9611664]],
[[13.3948782,52.5200851],[8.4346999,49.0246986]],
[[7.1022809,50.733848],[9.9330581,51.5287719]],
[[12.133532,54.0883736],[8.7045298,50.6035385]],
[[12.1429987,49.0417938],[8.8493576,50.2427025]],
[[8.4907578,52.0369388],[6.9915192,50.936379]],
[[7.2695593,51.4483963],[11.609458,49.9691505]],
[[11.3236637,49.5730438],[10.0150461,48.4323616]],
[[11.7687597,48.2697678],[8.7045298,50.6035385]],
[[6.0706367,50.7768129],[11.6521292,52.1418259]],
[[11.3236637,49.5730438],[9.9330581,51.5287719]],
[[9.9710579,49.8196831],[12.7380044,51.3678333]],
[[12.7380044,51.3678333],[9.98389,53.5669]],
[[9.9330581,51.5287719],[10.0150461,48.4323616]],
[[8.2798774,49.997447],[9.1911959,47.6916692]],
[[10.0150461,48.4323616],[12.133532,54.0883736]],
[[11.5699075,48.1514082],[8.8676095,53.1144974]],
[[6.4232242,50.9108523],[9.3679895,48.8968582]],
[[9.769208,52.3563646],[9.0841265,48.5526352]],
[[13.9248276,51.0569113],[10.0150461,48.4323616]],
[[7.9049201,48.0288544],[8.8676095,53.1144974]],
[[11.6304007,50.9599419],[10.0150461,48.4323616]],
[[9.98389,53.5669],[7.6285142,51.9698574]],
[[11.5699075,48.1514082],[9.9710579,49.8196831]],
[[11.609458,49.9691505],[11.6304007,50.9599419]],
[[8.8493576,50.2427025],[12.9596891,51.9611664]],
[[6.9915192,50.936379],[9.769208,52.3563646]],
[[8.7045298,50.6035385],[11.7687597,48.2697678]],
[[11.609458,49.9691505],[13.9248276,51.0569113]],
[[11.6304007,50.9599419],[9.9330581,51.5287719]],
[[13.9248276,51.0569113],[9.9330581,51.5287719]],
[[7.9049201,48.0288544],[9.1911959,47.6916692]],
[[11.609458,49.9691505],[12.7380044,51.3678333]],
[[9.0841265,48.5526352],[7.9049201,48.0288544]],
[[7.9049201,48.0288544],[9.9710579,49.8196831]],
[[7.1022809,50.733848],[9.769208,52.3563646]],
[[6.79417,51.1903],[12.1429987,49.0417938]],
[[9.3679895,48.8968582],[11.7687597,48.2697678]],
[[6.0706367,50.7768129],[8.7045298,50.6035385]],
[[6.7866599,51.4308171],[7.9049201,48.0288544]],
[[12.7380044,51.3678333],[6.7866599,51.4308171]],
[[11.7687597,48.2697678],[7.0468998,49.2584581]],
[[8.7045298,50.6035385],[7.1022809,50.733848]],
[[6.79417,51.1903],[8.2798774,49.997447]],
[[8.8676095,53.1144974],[9.0841265,48.5526352]],
[[7.9049201,48.0288544],[6.0706367,50.7768129]],
[[12.9596891,51.9611664],[9.0841265,48.5526352]],
[[8.7045298,50.6035385],[9.9710579,49.8196831]],
[[11.3236637,49.5730438],[6.0706367,50.7768129]],
[[6.4232242,50.9108523],[8.4907578,52.0369388]],
[[8.7045298,50.6035385],[7.2695593,51.4483963]],
[[9.3679895,48.8968582],[8.8676095,53.1144974]],
[[9.1911959,47.6916692],[11.7687597,48.2697678]],
[[11.3236637,49.5730438],[9.769208,52.3563646]],
[[7.1022809,50.733848],[11.6521292,52.1418259]],
[[7.6285142,51.9698574],[8.8493576,50.2427025]],
[[8.4346999,49.0246986],[6.9915192,50.936379]],
[[9.3679895,48.8968582],[7.1022809,50.733848]],
[[9.3679895,48.8968582],[9.1911959,47.6916692]],
[[9.9330581,51.5287719],[6.0706367,50.7768129]],
[[9.3679895,48.8968582],[9.9710579,49.8196831]],
[[9.3679895,48.8968582],[7.2695593,51.4483963]],
[[7.2695593,51.4483963],[8.8493576,50.2427025]],
[[9.1911959,47.6916692],[7.1022809,50.733848]],
[[13.9248276,51.0569113],[6.0706367,50.7768129]],
[[13.9248276,51.0569113],[9.769208,52.3563646]],
[[11.6304007,50.9599419],[6.0706367,50.7768129]],
[[9.1530294,48.8324775],[8.4346999,49.0246986]],
[[12.133532,54.0883736],[8.4346999,49.0246986]],
[[11.3236637,49.5730438],[11.6521292,52.1418259]],
[[10.1825515,54.3356426],[8.8493576,50.2427025]],
[[9.1911959,47.6916692],[9.9710579,49.8196831]],
[[8.4346999,49.0246986],[13.9248276,51.0569113]],
[[8.4346999,49.0246986],[11.6304007,50.9599419]],
[[11.5699075,48.1514082],[9.98389,53.5669]],
[[8.8493576,50.2427025],[7.1022809,50.733848]],
[[9.769208,52.3563646],[8.2798774,49.997447]],
[[6.0706367,50.7768129],[7.0468998,49.2584581]],
[[6.9915192,50.936379],[8.7045298,50.6035385]],
[[8.8493576,50.2427025],[9.9710579,49.8196831]],
[[8.8493576,50.2427025],[7.2695593,51.4483963]],
[[7.1022809,50.733848],[8.7045298,50.6035385]],
[[8.7045298,50.6035385],[11.5699075,48.1514082]],
[[12.1429987,49.0417938],[11.3236637,49.5730438]],
[[9.0841265,48.5526352],[12.9596891,51.9611664]],
[[12.7380044,51.3678333],[12.133532,54.0883736]],
[[8.7045298,50.6035385],[9.98389,53.5669]],
[[12.9596891,51.9611664],[12.1429987,49.0417938]],
[[12.9596891,51.9611664],[8.2798774,49.997447]],
[[9.3679895,48.8968582],[11.5699075,48.1514082]],
[[13.3948782,52.5200851],[8.8493576,50.2427025]],
[[11.5699075,48.1514082],[6.7866599,51.4308171]],
[[11.3236637,49.5730438],[8.7045298,50.6035385]],
[[9.3679895,48.8968582],[9.98389,53.5669]],
[[7.9049201,48.0288544],[6.7866599,51.4308171]],
[[8.6583986,49.8769831],[7.9049201,48.0288544]],
[[6.4232242,50.9108523],[6.9915192,50.936379]],
[[7.6285142,51.9698574],[13.3948782,52.5200851]],
[[9.9330581,51.5287719],[8.7045298,50.6035385]],
[[11.6521292,52.1418259],[8.8493576,50.2427025]],
[[11.7687597,48.2697678],[11.609458,49.9691505]],
[[6.9915192,50.936379],[7.0468998,49.2584581]],
[[11.6304007,50.9599419],[8.7045298,50.6035385]],
[[10.0150461,48.4323616],[12.1429987,49.0417938]],
[[9.1911959,47.6916692],[9.98389,53.5669]],
[[8.8676095,53.1144974],[9.3679895,48.8968582]],
[[13.9248276,51.0569113],[8.7045298,50.6035385]],
[[8.8493576,50.2427025],[11.5699075,48.1514082]],
[[9.9710579,49.8196831],[7.9049201,48.0288544]],
[[10.0150461,48.4323616],[8.2798774,49.997447]],
[[8.8493576,50.2427025],[9.98389,53.5669]],
[[7.1022809,50.733848],[7.0468998,49.2584581]],
[[6.7866599,51.4308171],[11.7687597,48.2697678]],
[[12.1429987,49.0417938],[12.7380044,51.3678333]],
[[6.79417,51.1903],[6.4232242,50.9108523]],
[[9.0841265,48.5526352],[8.8676095,53.1144974]],
[[9.3679895,48.8968582],[6.7866599,51.4308171]],
[[10.0150461,48.4323616],[9.3679895,48.8968582]],
[[11.609458,49.9691505],[7.9049201,48.0288544]],
[[7.0468998,49.2584581],[6.9915192,50.936379]],
[[11.3236637,49.5730438],[7.0468998,49.2584581]],
[[9.0841265,48.5526352],[9.1911959,47.6916692]],
[[6.7866599,51.4308171],[7.1022809,50.733848]],
[[12.1429987,49.0417938],[7.6285142,51.9698574]],
[[12.7380044,51.3678333],[9.0841265,48.5526352]],
[[7.6285142,51.9698574],[11.3236637,49.5730438]],
[[6.9915192,50.936379],[8.4346999,49.0246986]],
[[6.7866599,51.4308171],[7.2695593,51.4483963]],
[[6.7866599,51.4308171],[9.9710579,49.8196831]],
[[6.0706367,50.7768129],[11.609458,49.9691505]],
[[8.2798774,49.997447],[6.0777186,50.7772676]],
[[9.9330581,51.5287719],[7.0468998,49.2584581]],
[[7.2695593,51.4483963],[8.4907578,52.0369388]],
[[8.8493576,50.2427025],[6.7866599,51.4308171]],
[[11.5699075,48.1514082],[6.0777186,50.7772676]],
[[11.5699075,48.1514082],[12.133532,54.0883736]],
[[12.9596891,51.9611664],[6.79417,51.1903]],
[[13.9248276,51.0569113],[7.0468998,49.2584581]],
[[7.0468998,49.2584581],[13.9248276,51.0569113]],
[[7.9049201,48.0288544],[6.0777186,50.7772676]],
[[10.1825515,54.3356426],[11.3236637,49.5730438]],
[[7.9049201,48.0288544],[12.133532,54.0883736]],
[[8.4346999,49.0246986],[8.6583986,49.8769831]],
[[12.133532,54.0883736],[8.8493576,50.2427025]],
[[6.79417,51.1903],[12.7380044,51.3678333]],
[[6.79417,51.1903],[11.6304007,50.9599419]],
[[8.4346999,49.0246986],[10.1825515,54.3356426]],
[[8.7045298,50.6035385],[12.133532,54.0883736]],
[[9.9710579,49.8196831],[12.9596891,51.9611664]],
[[9.9330581,51.5287719],[8.4346999,49.0246986]],
[[10.0150461,48.4323616],[6.79417,51.1903]],
[[11.609458,49.9691505],[9.9330581,51.5287719]],
[[9.98389,53.5669],[12.9596891,51.9611664]],
[[7.6285142,51.9698574],[12.7380044,51.3678333]],
[[13.9248276,51.0569113],[8.4346999,49.0246986]],
[[12.9596891,51.9611664],[6.4232242,50.9108523]],
[[11.6304007,50.9599419],[8.4346999,49.0246986]],
[[9.769208,52.3563646],[6.9915192,50.936379]],
[[8.8676095,53.1144974],[6.4232242,50.9108523]],
[[7.2695593,51.4483963],[12.7380044,51.3678333]],
[[6.7866599,51.4308171],[11.5699075,48.1514082]],
[[12.7380044,51.3678333],[12.1429987,49.0417938]],
[[8.6583986,49.8769831],[11.7687597,48.2697678]],
[[6.7866599,51.4308171],[9.98389,53.5669]],
[[13.3948782,52.5200851],[8.4907578,52.0369388]],
[[7.1022809,50.733848],[11.609458,49.9691505]],
[[12.7380044,51.3678333],[8.2798774,49.997447]],
[[9.769208,52.3563646],[13.9248276,51.0569113]],
[[11.6521292,52.1418259],[11.3236637,49.5730438]],
[[10.1825515,54.3356426],[12.7380044,51.3678333]],
[[7.2695593,51.4483963],[7.6285142,51.9698574]],
[[8.8676095,53.1144974],[6.9915192,50.936379]],
[[12.9596891,51.9611664],[6.9915192,50.936379]],
[[6.0706367,50.7768129],[8.8493576,50.2427025]],
[[7.9049201,48.0288544],[9.0841265,48.5526352]],
[[8.6583986,49.8769831],[7.1022809,50.733848]],
[[11.3236637,49.5730438],[11.609458,49.9691505]],
[[8.4907578,52.0369388],[6.0706367,50.7768129]],
[[8.8493576,50.2427025],[12.133532,54.0883736]],
[[10.1825515,54.3356426],[7.6285142,51.9698574]],
[[6.0777186,50.7772676],[8.2798774,49.997447]],
[[12.7380044,51.3678333],[9.3679895,48.8968582]],
[[8.4346999,49.0246986],[10.0150461,48.4323616]],
[[9.0841265,48.5526352],[6.7866599,51.4308171]],
[[8.6583986,49.8769831],[7.2695593,51.4483963]],
[[12.9596891,51.9611664],[13.9248276,51.0569113]],
[[12.9596891,51.9611664],[11.6304007,50.9599419]],
[[9.98389,53.5669],[8.8676095,53.1144974]],
[[9.9710579,49.8196831],[8.8676095,53.1144974]],
[[8.4346999,49.0246986],[9.9330581,51.5287719]],
[[9.9330581,51.5287719],[11.609458,49.9691505]],
[[8.8676095,53.1144974],[11.6304007,50.9599419]],
[[9.9710579,49.8196831],[9.1911959,47.6916692]],
[[11.6304007,50.9599419],[11.609458,49.9691505]],
[[10.0150461,48.4323616],[6.9915192,50.936379]],
[[13.9248276,51.0569113],[11.609458,49.9691505]],
[[9.98389,53.5669],[9.1911959,47.6916692]],
[[8.7045298,50.6035385],[9.0841265,48.5526352]],
[[9.9710579,49.8196831],[7.2695593,51.4483963]],
[[9.98389,53.5669],[9.9710579,49.8196831]],
[[9.3679895,48.8968582],[9.0841265,48.5526352]],
[[11.6521292,52.1418259],[12.7380044,51.3678333]],
[[12.1429987,49.0417938],[7.9049201,48.0288544]],
[[13.3948782,52.5200851],[7.6285142,51.9698574]],
[[10.0150461,48.4323616],[13.9248276,51.0569113]],
[[6.9915192,50.936379],[8.8493576,50.2427025]],
[[10.0150461,48.4323616],[11.6304007,50.9599419]],
[[11.609458,49.9691505],[7.2695593,51.4483963]],
[[6.4232242,50.9108523],[12.9596891,51.9611664]],
[[8.2798774,49.997447],[12.1429987,49.0417938]],
[[9.1911959,47.6916692],[9.0841265,48.5526352]],
[[7.1022809,50.733848],[8.8493576,50.2427025]],
[[12.133532,54.0883736],[11.3236637,49.5730438]],
[[12.7380044,51.3678333],[6.79417,51.1903]],
[[11.5699075,48.1514082],[12.1429987,49.0417938]],
[[11.6521292,52.1418259],[7.6285142,51.9698574]],
[[8.6583986,49.8769831],[9.98389,53.5669]],
[[7.9049201,48.0288544],[12.1429987,49.0417938]],
[[11.3236637,49.5730438],[8.8493576,50.2427025]],
[[6.79417,51.1903],[10.1825515,54.3356426]],
[[11.7687597,48.2697678],[8.4907578,52.0369388]],
[[8.2798774,49.997447],[9.3679895,48.8968582]],
[[9.0841265,48.5526352],[12.133532,54.0883736]],
[[9.9710579,49.8196831],[11.5699075,48.1514082]],
[[9.98389,53.5669],[11.5699075,48.1514082]],
[[11.5699075,48.1514082],[9.3679895,48.8968582]],
[[9.9710579,49.8196831],[9.98389,53.5669]],
[[9.9330581,51.5287719],[8.8493576,50.2427025]],
[[8.7045298,50.6035385],[12.1429987,49.0417938]],
[[6.4232242,50.9108523],[11.7687597,48.2697678]],
[[11.6304007,50.9599419],[8.8493576,50.2427025]],
[[13.9248276,51.0569113],[8.8493576,50.2427025]],
[[8.7045298,50.6035385],[8.2798774,49.997447]],
[[7.9049201,48.0288544],[9.3679895,48.8968582]],
[[12.7380044,51.3678333],[6.4232242,50.9108523]],
[[11.5699075,48.1514082],[12.530617,48.1832659]],
[[9.3679895,48.8968582],[8.2798774,49.997447]],
[[12.133532,54.0883736],[12.7380044,51.3678333]],
[[6.0706367,50.7768129],[11.3236637,49.5730438]],
[[7.6285142,51.9698574],[7.9049201,48.0288544]],
[[12.1429987,49.0417938],[12.9596891,51.9611664]],
[[9.1911959,47.6916692],[12.1429987,49.0417938]],
[[7.2695593,51.4483963],[7.9049201,48.0288544]],
[[7.0468998,49.2584581],[10.0150461,48.4323616]],
[[6.0706367,50.7768129],[8.4907578,52.0369388]],
[[6.9915192,50.936379],[13.3948782,52.5200851]],
[[6.0777186,50.7772676],[6.4232242,50.9108523]],
[[9.1911959,47.6916692],[8.2798774,49.997447]],
[[9.9710579,49.8196831],[6.7866599,51.4308171]],
[[12.7380044,51.3678333],[6.9915192,50.936379]],
[[7.0468998,49.2584581],[9.9330581,51.5287719]],
[[9.98389,53.5669],[6.7866599,51.4308171]],
[[8.2798774,49.997447],[6.79417,51.1903]],
[[10.1825515,54.3356426],[7.9049201,48.0288544]],
[[6.79417,51.1903],[10.0150461,48.4323616]],
[[8.8493576,50.2427025],[12.1429987,49.0417938]],
[[11.5699075,48.1514082],[6.79417,51.1903]],
[[8.8493576,50.2427025],[8.2798774,49.997447]],
[[6.79417,51.1903],[9.9330581,51.5287719]],
[[11.7687597,48.2697678],[7.6285142,51.9698574]],
[[12.7380044,51.3678333],[11.6304007,50.9599419]],
[[8.8676095,53.1144974],[10.1825515,54.3356426]],
[[12.7380044,51.3678333],[13.9248276,51.0569113]],
[[12.9596891,51.9611664],[10.1825515,54.3356426]],
[[7.9049201,48.0288544],[6.79417,51.1903]],
[[6.0777186,50.7772676],[6.9915192,50.936379]],
[[9.1911959,47.6916692],[9.3679895,48.8968582]],
[[6.7866599,51.4308171],[9.0841265,48.5526352]],
[[6.0706367,50.7768129],[12.7380044,51.3678333]],
[[11.609458,49.9691505],[8.4346999,49.0246986]],
[[6.9915192,50.936379],[11.3236637,49.5730438]],
[[8.4346999,49.0246986],[9.1530294,48.8324775]],
[[6.9915192,50.936379],[8.4907578,52.0369388]],
[[11.6304007,50.9599419],[13.3948782,52.5200851]],
[[10.0150461,48.4323616],[10.1825515,54.3356426]],
[[12.1429987,49.0417938],[9.1911959,47.6916692]],
[[11.5699075,48.1514082],[6.4232242,50.9108523]],
[[6.4232242,50.9108523],[11.5699075,48.1514082]],
[[7.0468998,49.2584581],[6.0706367,50.7768129]],
[[12.1429987,49.0417938],[7.1022809,50.733848]],
[[6.0706367,50.7768129],[7.6285142,51.9698574]],
[[7.1022809,50.733848],[8.4907578,52.0369388]],
[[8.4346999,49.0246986],[7.0468998,49.2584581]],
[[12.1429987,49.0417938],[9.9710579,49.8196831]],
[[12.1429987,49.0417938],[7.2695593,51.4483963]],
[[7.6285142,51.9698574],[12.9596891,51.9611664]],
[[7.9049201,48.0288544],[6.4232242,50.9108523]],
[[7.2695593,51.4483963],[12.9596891,51.9611664]],
[[11.3236637,49.5730438],[8.4907578,52.0369388]],
[[8.2798774,49.997447],[6.9915192,50.936379]],
[[9.98389,53.5669],[12.133532,54.0883736]],
[[7.0468998,49.2584581],[11.6521292,52.1418259]],
[[9.9710579,49.8196831],[12.133532,54.0883736]],
[[8.8676095,53.1144974],[10.0150461,48.4323616]],
[[9.9330581,51.5287719],[11.3236637,49.5730438]],
[[12.9596891,51.9611664],[10.0150461,48.4323616]],
[[10.1825515,54.3356426],[12.9596891,51.9611664]],
[[11.6304007,50.9599419],[11.3236637,49.5730438]],
[[8.8676095,53.1144974],[9.9330581,51.5287719]],
[[9.0841265,48.5526352],[12.1429987,49.0417938]],
[[7.9049201,48.0288544],[6.9915192,50.936379]],
[[6.9915192,50.936379],[12.7380044,51.3678333]],
[[12.9596891,51.9611664],[9.9330581,51.5287719]],
[[8.8493576,50.2427025],[6.79417,51.1903]],
[[9.3679895,48.8968582],[6.4232242,50.9108523]],
[[6.7866599,51.4308171],[12.1429987,49.0417938]],
[[8.2798774,49.997447],[11.6304007,50.9599419]],
[[11.5699075,48.1514082],[11.6304007,50.9599419]],
[[7.6285142,51.9698574],[11.7687597,48.2697678]],
[[6.79417,51.1903],[7.2695593,51.4483963]],
[[6.9915192,50.936379],[7.6285142,51.9698574]],
[[7.9049201,48.0288544],[12.7380044,51.3678333]],
[[12.1429987,49.0417938],[11.5699075,48.1514082]],
[[7.9049201,48.0288544],[11.6304007,50.9599419]],
[[8.7045298,50.6035385],[6.9915192,50.936379]],
[[10.0150461,48.4323616],[9.9330581,51.5287719]],
[[11.3236637,49.5730438],[12.7380044,51.3678333]],
[[9.0841265,48.5526352],[9.3679895,48.8968582]],
[[12.1429987,49.0417938],[9.98389,53.5669]],
[[8.6583986,49.8769831],[9.0841265,48.5526352]],
[[13.3948782,52.5200851],[12.9596891,51.9611664]],
[[7.6285142,51.9698574],[7.1022809,50.733848]],
[[7.1022809,50.733848],[7.6285142,51.9698574]],
[[10.1825515,54.3356426],[11.7687597,48.2697678]],
[[7.2695593,51.4483963],[8.8676095,53.1144974]],
[[9.3679895,48.8968582],[6.9915192,50.936379]],
[[6.7866599,51.4308171],[9.3679895,48.8968582]],
[[7.6285142,51.9698574],[9.1911959,47.6916692]],
[[8.8493576,50.2427025],[6.4232242,50.9108523]],
[[9.9330581,51.5287719],[12.7380044,51.3678333]],
[[7.6285142,51.9698574],[7.2695593,51.4483963]],
[[11.6521292,52.1418259],[12.9596891,51.9611664]],
[[8.7045298,50.6035385],[11.6304007,50.9599419]],
[[12.133532,54.0883736],[7.9049201,48.0288544]],
[[8.7045298,50.6035385],[13.9248276,51.0569113]],
[[11.6304007,50.9599419],[12.7380044,51.3678333]],
[[7.2695593,51.4483963],[9.9710579,49.8196831]],
[[10.1825515,54.3356426],[8.8676095,53.1144974]],
[[13.9248276,51.0569113],[12.7380044,51.3678333]],
[[11.3236637,49.5730438],[7.6285142,51.9698574]],
[[8.8676095,53.1144974],[6.0706367,50.7768129]],
[[9.1911959,47.6916692],[6.9915192,50.936379]],
[[12.9596891,51.9611664],[6.0706367,50.7768129]],
[[9.3679895,48.8968582],[13.9248276,51.0569113]],
[[10.1825515,54.3356426],[7.1022809,50.733848]],
[[9.3679895,48.8968582],[11.6304007,50.9599419]],
[[9.9330581,51.5287719],[7.6285142,51.9698574]],
[[10.1825515,54.3356426],[7.2695593,51.4483963]],
[[8.4346999,49.0246986],[11.609458,49.9691505]],
[[10.1825515,54.3356426],[9.9710579,49.8196831]],
[[12.1429987,49.0417938],[6.7866599,51.4308171]],
[[8.8493576,50.2427025],[6.9915192,50.936379]],
[[12.7380044,51.3678333],[10.1825515,54.3356426]],
[[8.8676095,53.1144974],[11.6521292,52.1418259]],
[[11.6304007,50.9599419],[7.6285142,51.9698574]],
[[12.9596891,51.9611664],[11.6521292,52.1418259]],
[[13.9248276,51.0569113],[7.6285142,51.9698574]],
[[10.0150461,48.4323616],[6.0706367,50.7768129]],
[[9.0841265,48.5526352],[6.79417,51.1903]],
[[6.4232242,50.9108523],[6.0777186,50.7772676]],
[[8.8493576,50.2427025],[11.6304007,50.9599419]],
[[8.8493576,50.2427025],[13.9248276,51.0569113]],
[[6.7866599,51.4308171],[6.79417,51.1903]],
[[11.6521292,52.1418259],[11.7687597,48.2697678]],
[[13.3948782,52.5200851],[8.8676095,53.1144974]],
[[7.6285142,51.9698574],[11.5699075,48.1514082]],
[[6.0706367,50.7768129],[7.9049201,48.0288544]],
[[11.6521292,52.1418259],[8.8676095,53.1144974]],
[[10.0150461,48.4323616],[11.6521292,52.1418259]],
[[12.530617,48.1832659],[11.7687597,48.2697678]],
[[7.6285142,51.9698574],[9.98389,53.5669]],
[[8.6583986,49.8769831],[8.2798774,49.997447]],
[[11.6521292,52.1418259],[7.1022809,50.733848]],
[[10.1825515,54.3356426],[11.5699075,48.1514082]],
[[7.0468998,49.2584581],[8.4346999,49.0246986]],
[[9.9710579,49.8196831],[12.1429987,49.0417938]],
[[11.6521292,52.1418259],[7.2695593,51.4483963]],
[[9.98389,53.5669],[12.1429987,49.0417938]],
[[12.9596891,51.9611664],[8.7045298,50.6035385]],
[[12.7380044,51.3678333],[10.0150461,48.4323616]],
[[11.7687597,48.2697678],[12.9596891,51.9611664]],
[[10.1825515,54.3356426],[9.98389,53.5669]],
[[8.6583986,49.8769831],[9.3679895,48.8968582]],
[[12.7380044,51.3678333],[9.9330581,51.5287719]],
[[8.2798774,49.997447],[8.6583986,49.8769831]],
[[12.530617,48.1832659],[7.2695593,51.4483963]],
[[7.6285142,51.9698574],[6.7866599,51.4308171]],
[[8.2798774,49.997447],[10.1825515,54.3356426]],
[[8.4346999,49.0246986],[8.8493576,50.2427025]],
[[9.0841265,48.5526352],[6.9915192,50.936379]],
[[7.2695593,51.4483963],[6.7866599,51.4308171]],
[[11.5699075,48.1514082],[10.1825515,54.3356426]],
[[9.9710579,49.8196831],[9.3679895,48.8968582]],
[[6.9915192,50.936379],[7.9049201,48.0288544]],
[[9.98389,53.5669],[9.3679895,48.8968582]],
[[8.4907578,52.0369388],[13.3948782,52.5200851]],
[[10.0150461,48.4323616],[8.7045298,50.6035385]],
[[7.9049201,48.0288544],[8.6583986,49.8769831]],
[[7.9049201,48.0288544],[10.1825515,54.3356426]],
[[13.3948782,52.5200851],[11.5699075,48.1514082]],
[[6.7866599,51.4308171],[6.9915192,50.936379]],
[[12.133532,54.0883736],[11.7687597,48.2697678]],
[[6.0777186,50.7772676],[11.7687597,48.2697678]],
[[11.6521292,52.1418259],[11.5699075,48.1514082]],
[[9.0841265,48.5526352],[11.6304007,50.9599419]],
[[6.0706367,50.7768129],[12.9596891,51.9611664]],
[[10.0150461,48.4323616],[9.1530294,48.8324775]],
[[12.7380044,51.3678333],[6.0706367,50.7768129]],
[[12.133532,54.0883736],[7.1022809,50.733848]],
[[9.3679895,48.8968582],[8.6583986,49.8769831]],
[[11.7687597,48.2697678],[8.8676095,53.1144974]],
[[12.7380044,51.3678333],[9.769208,52.3563646]],
[[12.530617,48.1832659],[11.5699075,48.1514082]],
[[8.4907578,52.0369388],[11.3236637,49.5730438]],
[[12.133532,54.0883736],[7.2695593,51.4483963]],
[[9.9330581,51.5287719],[7.9049201,48.0288544]],
[[12.133532,54.0883736],[9.9710579,49.8196831]],
[[11.7687597,48.2697678],[9.1911959,47.6916692]],
[[10.0150461,48.4323616],[7.0468998,49.2584581]],
[[9.98389,53.5669],[6.79417,51.1903]],
[[11.6304007,50.9599419],[7.9049201,48.0288544]],
[[8.2798774,49.997447],[10.0150461,48.4323616]],
[[9.9710579,49.8196831],[6.79417,51.1903]],
[[11.5699075,48.1514082],[10.0150461,48.4323616]],
[[8.2798774,49.997447],[9.9330581,51.5287719]],
[[12.1429987,49.0417938],[9.0841265,48.5526352]],
[[12.7380044,51.3678333],[11.6521292,52.1418259]],
[[11.5699075,48.1514082],[9.9330581,51.5287719]],
[[8.4346999,49.0246986],[13.3948782,52.5200851]],
[[7.9049201,48.0288544],[10.0150461,48.4323616]],
[[6.4232242,50.9108523],[8.8493576,50.2427025]],
[[8.6583986,49.8769831],[6.4232242,50.9108523]],
[[8.8493576,50.2427025],[10.1825515,54.3356426]],
[[7.2695593,51.4483963],[12.133532,54.0883736]],
[[7.9049201,48.0288544],[9.9330581,51.5287719]],
[[6.9915192,50.936379],[12.9596891,51.9611664]],
[[7.2695593,51.4483963],[6.0777186,50.7772676]],
[[6.0706367,50.7768129],[8.8676095,53.1144974]],
[[10.0150461,48.4323616],[8.4346999,49.0246986]],
[[7.1022809,50.733848],[12.9596891,51.9611664]],
[[8.7045298,50.6035385],[10.0150461,48.4323616]],
[[10.1825515,54.3356426],[12.133532,54.0883736]],
[[6.0706367,50.7768129],[9.9710579,49.8196831]],
[[6.0777186,50.7772676],[11.5699075,48.1514082]],
[[12.133532,54.0883736],[11.5699075,48.1514082]],
[[8.7045298,50.6035385],[9.9330581,51.5287719]],
[[11.3236637,49.5730438],[12.9596891,51.9611664]],
[[7.0468998,49.2584581],[8.8493576,50.2427025]],
[[9.3679895,48.8968582],[10.0150461,48.4323616]],
[[12.7380044,51.3678333],[8.7045298,50.6035385]],
[[12.133532,54.0883736],[9.98389,53.5669]],
[[8.2798774,49.997447],[9.769208,52.3563646]],
[[8.6583986,49.8769831],[13.9248276,51.0569113]],
[[9.98389,53.5669],[6.9915192,50.936379]],
[[9.9710579,49.8196831],[6.9915192,50.936379]],
[[9.9330581,51.5287719],[12.9596891,51.9611664]],
[[6.79417,51.1903],[8.8493576,50.2427025]],
[[12.9596891,51.9611664],[11.609458,49.9691505]],
[[11.5699075,48.1514082],[9.769208,52.3563646]],
[[9.1911959,47.6916692],[10.0150461,48.4323616]],
[[8.6583986,49.8769831],[11.6304007,50.9599419]],
[[13.9248276,51.0569113],[12.9596891,51.9611664]],
[[11.6304007,50.9599419],[12.9596891,51.9611664]],
[[7.9049201,48.0288544],[9.769208,52.3563646]],
[[8.8493576,50.2427025],[10.0150461,48.4323616]],
[[6.9915192,50.936379],[8.8676095,53.1144974]],
[[7.6285142,51.9698574],[9.0841265,48.5526352]],
[[12.1429987,49.0417938],[8.2798774,49.997447]],
[[9.9710579,49.8196831],[11.6304007,50.9599419]],
[[11.5699075,48.1514082],[11.6521292,52.1418259]],
[[9.9710579,49.8196831],[13.9248276,51.0569113]],
[[9.98389,53.5669],[12.7380044,51.3678333]],
[[11.6521292,52.1418259],[12.133532,54.0883736]],
[[8.8493576,50.2427025],[9.9330581,51.5287719]],
[[9.98389,53.5669],[11.6304007,50.9599419]],
[[6.9915192,50.936379],[9.1911959,47.6916692]],
[[7.1022809,50.733848],[8.8676095,53.1144974]],
[[6.9915192,50.936379],[7.2695593,51.4483963]],
[[11.7687597,48.2697678],[6.7866599,51.4308171]],
[[6.9915192,50.936379],[9.9710579,49.8196831]],
[[6.4232242,50.9108523],[6.79417,51.1903]],
[[9.0841265,48.5526352],[8.6583986,49.8769831]],
[[8.7045298,50.6035385],[6.0706367,50.7768129]],
[[9.0841265,48.5526352],[10.1825515,54.3356426]],
[[10.1825515,54.3356426],[9.0841265,48.5526352]],
[[7.1022809,50.733848],[9.1911959,47.6916692]],
[[12.7380044,51.3678333],[7.0468998,49.2584581]],
[[9.9330581,51.5287719],[11.7687597,48.2697678]],
[[8.4346999,49.0246986],[12.7380044,51.3678333]],
[[9.3679895,48.8968582],[6.0706367,50.7768129]],
[[11.3236637,49.5730438],[8.8676095,53.1144974]],
[[11.6304007,50.9599419],[11.7687597,48.2697678]],
[[7.9049201,48.0288544],[7.2695593,51.4483963]],
[[11.3236637,49.5730438],[9.1911959,47.6916692]],
[[8.7045298,50.6035385],[11.6521292,52.1418259]],
[[9.9330581,51.5287719],[8.8676095,53.1144974]],
[[11.3236637,49.5730438],[9.9710579,49.8196831]],
[[8.2798774,49.997447],[8.7045298,50.6035385]],
[[11.5699075,48.1514082],[8.7045298,50.6035385]],
[[9.9330581,51.5287719],[7.1022809,50.733848]],
[[8.4346999,49.0246986],[7.6285142,51.9698574]],
[[11.6304007,50.9599419],[8.8676095,53.1144974]],
[[9.9330581,51.5287719],[9.9710579,49.8196831]],
[[6.0706367,50.7768129],[6.7866599,51.4308171]],
[[12.9596891,51.9611664],[8.8493576,50.2427025]],
[[12.7380044,51.3678333],[8.4346999,49.0246986]],
[[11.6304007,50.9599419],[7.1022809,50.733848]],
[[7.9049201,48.0288544],[8.7045298,50.6035385]],
[[8.8493576,50.2427025],[6.0706367,50.7768129]],
[[9.9330581,51.5287719],[7.2695593,51.4483963]],
[[7.6285142,51.9698574],[12.1429987,49.0417938]],
[[11.6304007,50.9599419],[9.9710579,49.8196831]],
[[13.9248276,51.0569113],[9.9710579,49.8196831]],
[[11.6304007,50.9599419],[7.2695593,51.4483963]],
[[7.6285142,51.9698574],[8.2798774,49.997447]],
[[12.1429987,49.0417938],[6.79417,51.1903]],
[[6.9915192,50.936379],[9.98389,53.5669]],
[[11.6521292,52.1418259],[9.0841265,48.5526352]],
[[7.2695593,51.4483963],[12.1429987,49.0417938]],
[[8.8493576,50.2427025],[11.6521292,52.1418259]],
[[9.0841265,48.5526352],[9.9330581,51.5287719]],
[[10.0150461,48.4323616],[8.8493576,50.2427025]],
[[6.7866599,51.4308171],[10.0150461,48.4323616]],
[[7.0468998,49.2584581],[11.3236637,49.5730438]],
[[11.7687597,48.2697678],[12.133532,54.0883736]],
[[11.7687597,48.2697678],[6.0777186,50.7772676]],
[[10.1825515,54.3356426],[12.1429987,49.0417938]],
[[10.1825515,54.3356426],[8.2798774,49.997447]],
[[6.7866599,51.4308171],[9.9330581,51.5287719]],
[[6.4232242,50.9108523],[11.6304007,50.9599419]],
[[7.2695593,51.4483963],[9.3679895,48.8968582]],
[[6.79417,51.1903],[11.3236637,49.5730438]],
[[6.4232242,50.9108523],[12.7380044,51.3678333]],
[[11.5699075,48.1514082],[7.0468998,49.2584581]],
[[9.9330581,51.5287719],[11.5699075,48.1514082]],
[[8.4907578,52.0369388],[7.9049201,48.0288544]],
[[6.9915192,50.936379],[6.7866599,51.4308171]],
[[7.9049201,48.0288544],[7.0468998,49.2584581]],
[[11.6304007,50.9599419],[11.5699075,48.1514082]],
[[9.9330581,51.5287719],[9.98389,53.5669]],
[[7.2695593,51.4483963],[12.530617,48.1832659]],
[[12.7380044,51.3678333],[11.609458,49.9691505]],
[[7.1022809,50.733848],[6.7866599,51.4308171]],
[[8.8493576,50.2427025],[8.7045298,50.6035385]],
[[11.6304007,50.9599419],[9.98389,53.5669]],
[[9.98389,53.5669],[8.6583986,49.8769831]],
[[12.9596891,51.9611664],[13.3948782,52.5200851]],
[[8.8676095,53.1144974],[13.3948782,52.5200851]],
[[6.0706367,50.7768129],[12.133532,54.0883736]],
[[7.0468998,49.2584581],[12.7380044,51.3678333]],
[[9.9710579,49.8196831],[10.1825515,54.3356426]],
[[9.98389,53.5669],[10.1825515,54.3356426]],
[[11.3236637,49.5730438],[6.7866599,51.4308171]],
[[9.0841265,48.5526352],[9.769208,52.3563646]],
[[9.0841265,48.5526352],[6.0706367,50.7768129]],
[[12.1429987,49.0417938],[6.9915192,50.936379]],
[[11.6521292,52.1418259],[12.1429987,49.0417938]],
[[12.133532,54.0883736],[9.0841265,48.5526352]],
[[6.7866599,51.4308171],[6.0706367,50.7768129]],
[[7.9049201,48.0288544],[8.4346999,49.0246986]],
[[7.6285142,51.9698574],[6.79417,51.1903]],
[[9.769208,52.3563646],[11.3236637,49.5730438]],
[[7.2695593,51.4483963],[6.79417,51.1903]],
[[9.9330581,51.5287719],[6.7866599,51.4308171]],
[[9.0841265,48.5526352],[11.6521292,52.1418259]],
[[7.0468998,49.2584581],[7.6285142,51.9698574]],
[[12.1429987,49.0417938],[13.9248276,51.0569113]],
[[12.1429987,49.0417938],[11.6304007,50.9599419]],
[[10.0150461,48.4323616],[13.3948782,52.5200851]],
[[10.1825515,54.3356426],[6.79417,51.1903]],
[[12.9596891,51.9611664],[11.3236637,49.5730438]],
[[8.8493576,50.2427025],[7.0468998,49.2584581]],
[[8.4346999,49.0246986],[7.9049201,48.0288544]],
[[8.8676095,53.1144974],[11.3236637,49.5730438]],
[[6.79417,51.1903],[7.6285142,51.9698574]],
[[8.8676095,53.1144974],[8.4907578,52.0369388]],
[[6.9915192,50.936379],[6.0777186,50.7772676]],
[[12.7380044,51.3678333],[8.8493576,50.2427025]],
[[11.609458,49.9691505],[12.9596891,51.9611664]],
[[9.98389,53.5669],[10.0150461,48.4323616]],
[[9.9710579,49.8196831],[10.0150461,48.4323616]],
[[9.1911959,47.6916692],[8.4346999,49.0246986]],
[[7.1022809,50.733848],[12.133532,54.0883736]],
[[6.0706367,50.7768129],[9.0841265,48.5526352]],
[[9.769208,52.3563646],[12.7380044,51.3678333]],
[[11.5699075,48.1514082],[11.609458,49.9691505]],
[[9.9710579,49.8196831],[9.9330581,51.5287719]],
[[7.9049201,48.0288544],[11.609458,49.9691505]],
[[10.0150461,48.4323616],[11.3236637,49.5730438]],
[[9.98389,53.5669],[9.9330581,51.5287719]],
[[9.0841265,48.5526352],[8.7045298,50.6035385]],
[[11.3236637,49.5730438],[6.0777186,50.7772676]],
[[7.6285142,51.9698574],[6.9915192,50.936379]],
[[11.3236637,49.5730438],[12.133532,54.0883736]],
[[8.8493576,50.2427025],[8.4346999,49.0246986]],
[[7.2695593,51.4483963],[6.9915192,50.936379]],
[[9.9330581,51.5287719],[12.133532,54.0883736]],
[[8.4907578,52.0369388],[11.7687597,48.2697678]],
[[6.4232242,50.9108523],[8.6583986,49.8769831]],
[[8.8676095,53.1144974],[12.7380044,51.3678333]],
[[13.9248276,51.0569113],[6.0777186,50.7772676]],
[[11.609458,49.9691505],[11.7687597,48.2697678]],
[[7.6285142,51.9698574],[11.6304007,50.9599419]],
[[11.6304007,50.9599419],[12.133532,54.0883736]],
[[7.6285142,51.9698574],[13.9248276,51.0569113]],
[[8.6583986,49.8769831],[6.0706367,50.7768129]],
[[10.1825515,54.3356426],[6.9915192,50.936379]],
[[7.2695593,51.4483963],[11.6304007,50.9599419]],
[[8.4907578,52.0369388],[8.8676095,53.1144974]],
[[9.3679895,48.8968582],[11.609458,49.9691505]],
[[6.9915192,50.936379],[9.0841265,48.5526352]],
[[8.4907578,52.0369388],[7.1022809,50.733848]],
[[8.4907578,52.0369388],[9.1911959,47.6916692]],
[[11.7687597,48.2697678],[9.3679895,48.8968582]],
[[12.9596891,51.9611664],[7.6285142,51.9698574]],
[[6.4232242,50.9108523],[7.9049201,48.0288544]],
[[10.0150461,48.4323616],[12.7380044,51.3678333]],
[[11.609458,49.9691505],[7.1022809,50.733848]],
[[9.9710579,49.8196831],[6.0706367,50.7768129]],
[[8.4907578,52.0369388],[7.2695593,51.4483963]],
[[8.4907578,52.0369388],[9.9710579,49.8196831]],
[[9.0841265,48.5526352],[7.0468998,49.2584581]],
[[9.9710579,49.8196831],[9.769208,52.3563646]],
[[11.7687597,48.2697678],[12.530617,48.1832659]],
[[8.2798774,49.997447],[8.8493576,50.2427025]],
[[11.609458,49.9691505],[9.9710579,49.8196831]],
[[6.0706367,50.7768129],[12.1429987,49.0417938]],
[[12.7380044,51.3678333],[13.3948782,52.5200851]],
[[11.5699075,48.1514082],[8.8493576,50.2427025]],
[[13.3948782,52.5200851],[6.9915192,50.936379]],
[[10.0150461,48.4323616],[7.6285142,51.9698574]],
[[7.9049201,48.0288544],[8.8493576,50.2427025]],
[[11.609458,49.9691505],[6.0706367,50.7768129]],
[[7.0468998,49.2584581],[7.9049201,48.0288544]],
[[9.9330581,51.5287719],[9.0841265,48.5526352]],
[[13.3948782,52.5200851],[11.6304007,50.9599419]],
[[13.3948782,52.5200851],[12.7380044,51.3678333]],
[[6.0706367,50.7768129],[9.3679895,48.8968582]],
[[12.133532,54.0883736],[6.79417,51.1903]],
[[12.1429987,49.0417938],[10.1825515,54.3356426]],
[[11.7687597,48.2697678],[6.79417,51.1903]],
[[8.7045298,50.6035385],[8.8493576,50.2427025]],
[[11.6304007,50.9599419],[9.0841265,48.5526352]],
[[6.79417,51.1903],[7.9049201,48.0288544]],
[[12.530617,48.1832659],[6.9915192,50.936379]],
[[12.7380044,51.3678333],[11.3236637,49.5730438]],
[[6.0706367,50.7768129],[12.530617,48.1832659]],
[[8.4907578,52.0369388],[11.5699075,48.1514082]],
[[8.4907578,52.0369388],[9.98389,53.5669]],
[[8.4346999,49.0246986],[9.1911959,47.6916692]],
[[6.9915192,50.936379],[12.1429987,49.0417938]],
[[11.609458,49.9691505],[11.5699075,48.1514082]],
[[6.9915192,50.936379],[8.2798774,49.997447]],
[[8.4346999,49.0246986],[9.9710579,49.8196831]],
[[9.9710579,49.8196831],[8.7045298,50.6035385]],
[[8.4346999,49.0246986],[7.2695593,51.4483963]],
[[9.98389,53.5669],[8.7045298,50.6035385]],
[[6.0777186,50.7772676],[11.3236637,49.5730438]],
[[7.1022809,50.733848],[12.1429987,49.0417938]]];


