var coauthorships5 = [[[8.2798774,49.997447],[13.3948782,52.5200851]],
[[7.9049201,48.0288544],[13.3948782,52.5200851]],
[[11.7687597,48.2697678],[13.9248276,51.0569113]],
[[8.2798774,49.997447],[7.9049201,48.0288544]],
[[11.5699075,48.1514082],[11.7687597,48.2697678]],
[[7.9049201,48.0288544],[11.7687597,48.2697678]],
[[9.98389,53.5669],[7.1022809,50.733848]],
[[11.7687597,48.2697678],[13.3948782,52.5200851]],
[[7.9049201,48.0288544],[8.2798774,49.997447]],
[[7.1022809,50.733848],[13.3948782,52.5200851]],
[[13.3948782,52.5200851],[7.9049201,48.0288544]],
[[7.9049201,48.0288544],[13.9248276,51.0569113]],
[[11.7687597,48.2697678],[7.9049201,48.0288544]],
[[13.3948782,52.5200851],[11.7687597,48.2697678]],
[[13.3948782,52.5200851],[7.1022809,50.733848]],
[[13.9248276,51.0569113],[7.9049201,48.0288544]],
[[11.7687597,48.2697678],[11.5699075,48.1514082]],
[[13.9248276,51.0569113],[11.7687597,48.2697678]],
[[7.1022809,50.733848],[9.98389,53.5669]],
[[13.3948782,52.5200851],[8.2798774,49.997447]]];


