var coauthorships8 = [[[11.609458,49.9691505],[8.7045298,50.6035385]],
[[8.4907578,52.0369388],[6.7866599,51.4308171]],
[[8.6583986,49.8769831],[7.0468998,49.2584581]],
[[12.133532,54.0883736],[6.9915192,50.936379]],
[[7.0468998,49.2584581],[12.9596891,51.9611664]],
[[6.7866599,51.4308171],[11.609458,49.9691505]],
[[11.609458,49.9691505],[6.7866599,51.4308171]],
[[7.6285142,51.9698574],[8.6583986,49.8769831]],
[[7.1022809,50.733848],[12.530617,48.1832659]],
[[9.98389,53.5669],[7.0468998,49.2584581]],
[[8.7045298,50.6035385],[13.3948782,52.5200851]],
[[6.0777186,50.7772676],[11.6304007,50.9599419]],
[[6.0777186,50.7772676],[12.7380044,51.3678333]],
[[12.133532,54.0883736],[13.9248276,51.0569113]],
[[9.1530294,48.8324775],[13.9248276,51.0569113]],
[[9.1530294,48.8324775],[11.6304007,50.9599419]],
[[9.3679895,48.8968582],[13.3948782,52.5200851]],
[[11.3236637,49.5730438],[12.530617,48.1832659]],
[[6.4232242,50.9108523],[9.1911959,47.6916692]],
[[9.1911959,47.6916692],[13.3948782,52.5200851]],
[[9.9330581,51.5287719],[12.530617,48.1832659]],
[[12.1429987,49.0417938],[9.769208,52.3563646]],
[[13.9248276,51.0569113],[12.530617,48.1832659]],
[[8.4346999,49.0246986],[6.7866599,51.4308171]],
[[13.3948782,52.5200851],[8.6583986,49.8769831]],
[[9.769208,52.3563646],[12.9596891,51.9611664]],
[[13.3948782,52.5200851],[10.1825515,54.3356426]],
[[7.0468998,49.2584581],[9.1911959,47.6916692]],
[[8.7045298,50.6035385],[8.4907578,52.0369388]],
[[8.4907578,52.0369388],[6.0777186,50.7772676]],
[[8.4907578,52.0369388],[12.133532,54.0883736]],
[[6.79417,51.1903],[8.8676095,53.1144974]],
[[11.6521292,52.1418259],[8.6583986,49.8769831]],
[[11.609458,49.9691505],[6.0777186,50.7772676]],
[[11.609458,49.9691505],[12.133532,54.0883736]],
[[11.6521292,52.1418259],[10.1825515,54.3356426]],
[[9.3679895,48.8968582],[8.4907578,52.0369388]],
[[6.79417,51.1903],[9.1911959,47.6916692]],
[[8.8676095,53.1144974],[12.9596891,51.9611664]],
[[8.6583986,49.8769831],[11.609458,49.9691505]],
[[13.9248276,51.0569113],[6.79417,51.1903]],
[[8.8493576,50.2427025],[8.4907578,52.0369388]],
[[9.98389,53.5669],[11.609458,49.9691505]],
[[9.769208,52.3563646],[8.8676095,53.1144974]],
[[9.9330581,51.5287719],[6.4232242,50.9108523]],
[[7.6285142,51.9698574],[9.769208,52.3563646]],
[[8.4907578,52.0369388],[9.0841265,48.5526352]],
[[13.3948782,52.5200851],[9.9330581,51.5287719]],
[[8.4346999,49.0246986],[6.0777186,50.7772676]],
[[7.0468998,49.2584581],[9.98389,53.5669]],
[[9.1911959,47.6916692],[12.7380044,51.3678333]],
[[9.3679895,48.8968582],[7.6285142,51.9698574]],
[[12.133532,54.0883736],[8.6583986,49.8769831]],
[[6.7866599,51.4308171],[13.3948782,52.5200851]],
[[12.9596891,51.9611664],[8.8676095,53.1144974]],
[[6.0777186,50.7772676],[8.6583986,49.8769831]],
[[9.1530294,48.8324775],[8.6583986,49.8769831]],
[[11.6521292,52.1418259],[9.9330581,51.5287719]],
[[10.1825515,54.3356426],[9.769208,52.3563646]],
[[12.530617,48.1832659],[10.0150461,48.4323616]],
[[6.0777186,50.7772676],[10.1825515,54.3356426]],
[[12.9596891,51.9611664],[9.1911959,47.6916692]],
[[8.6583986,49.8769831],[8.8493576,50.2427025]],
[[12.530617,48.1832659],[9.9330581,51.5287719]],
[[12.1429987,49.0417938],[7.0468998,49.2584581]],
[[7.0468998,49.2584581],[6.7866599,51.4308171]],
[[10.1825515,54.3356426],[11.6521292,52.1418259]],
[[13.3948782,52.5200851],[9.769208,52.3563646]],
[[9.769208,52.3563646],[9.98389,53.5669]],
[[9.0841265,48.5526352],[8.4907578,52.0369388]],
[[11.6521292,52.1418259],[9.769208,52.3563646]],
[[6.7866599,51.4308171],[8.4907578,52.0369388]],
[[8.4907578,52.0369388],[12.1429987,49.0417938]],
[[6.4232242,50.9108523],[11.609458,49.9691505]],
[[13.3948782,52.5200851],[11.6521292,52.1418259]],
[[12.1429987,49.0417938],[8.4346999,49.0246986]],
[[10.1825515,54.3356426],[8.7045298,50.6035385]],
[[6.0777186,50.7772676],[9.9330581,51.5287719]],
[[8.4907578,52.0369388],[9.3679895,48.8968582]],
[[7.2695593,51.4483963],[9.1530294,48.8324775]],
[[8.6583986,49.8769831],[13.3948782,52.5200851]],
[[12.530617,48.1832659],[11.6521292,52.1418259]],
[[7.0468998,49.2584581],[12.133532,54.0883736]],
[[8.4907578,52.0369388],[12.530617,48.1832659]],
[[11.609458,49.9691505],[12.530617,48.1832659]],
[[13.3948782,52.5200851],[8.7045298,50.6035385]],
[[8.8676095,53.1144974],[6.7866599,51.4308171]],
[[6.79417,51.1903],[6.0777186,50.7772676]],
[[12.9596891,51.9611664],[6.7866599,51.4308171]],
[[9.9710579,49.8196831],[13.3948782,52.5200851]],
[[8.4346999,49.0246986],[12.1429987,49.0417938]],
[[10.1825515,54.3356426],[7.0468998,49.2584581]],
[[6.0777186,50.7772676],[9.769208,52.3563646]],
[[8.4907578,52.0369388],[6.79417,51.1903]],
[[12.530617,48.1832659],[8.7045298,50.6035385]],
[[8.6583986,49.8769831],[8.4907578,52.0369388]],
[[12.7380044,51.3678333],[9.1911959,47.6916692]],
[[11.609458,49.9691505],[6.79417,51.1903]],
[[9.9330581,51.5287719],[8.6583986,49.8769831]],
[[6.0777186,50.7772676],[11.6521292,52.1418259]],
[[6.0777186,50.7772676],[8.8676095,53.1144974]],
[[13.3948782,52.5200851],[7.0468998,49.2584581]],
[[9.769208,52.3563646],[6.0777186,50.7772676]],
[[11.6304007,50.9599419],[10.1825515,54.3356426]],
[[8.4346999,49.0246986],[12.530617,48.1832659]],
[[13.9248276,51.0569113],[10.1825515,54.3356426]],
[[9.1530294,48.8324775],[7.2695593,51.4483963]],
[[6.0706367,50.7768129],[9.769208,52.3563646]],
[[8.8676095,53.1144974],[12.133532,54.0883736]],
[[12.9596891,51.9611664],[6.0777186,50.7772676]],
[[8.8676095,53.1144974],[6.0777186,50.7772676]],
[[8.6583986,49.8769831],[12.7380044,51.3678333]],
[[12.9596891,51.9611664],[12.133532,54.0883736]],
[[12.530617,48.1832659],[7.0468998,49.2584581]],
[[7.6285142,51.9698574],[11.609458,49.9691505]],
[[8.4346999,49.0246986],[6.79417,51.1903]],
[[9.3679895,48.8968582],[12.9596891,51.9611664]],
[[11.6521292,52.1418259],[8.4346999,49.0246986]],
[[8.2798774,49.997447],[8.8676095,53.1144974]],
[[6.4232242,50.9108523],[13.3948782,52.5200851]],
[[8.6583986,49.8769831],[7.6285142,51.9698574]],
[[10.0150461,48.4323616],[6.0777186,50.7772676]],
[[9.1911959,47.6916692],[12.9596891,51.9611664]],
[[8.4907578,52.0369388],[11.6304007,50.9599419]],
[[8.4907578,52.0369388],[13.9248276,51.0569113]],
[[12.530617,48.1832659],[8.4346999,49.0246986]],
[[11.5699075,48.1514082],[9.1911959,47.6916692]],
[[7.0468998,49.2584581],[12.1429987,49.0417938]],
[[7.0468998,49.2584581],[8.2798774,49.997447]],
[[8.7045298,50.6035385],[8.8676095,53.1144974]],
[[12.133532,54.0883736],[7.0468998,49.2584581]],
[[6.9915192,50.936379],[11.6521292,52.1418259]],
[[13.3948782,52.5200851],[11.609458,49.9691505]],
[[8.7045298,50.6035385],[9.1911959,47.6916692]],
[[7.0468998,49.2584581],[9.3679895,48.8968582]],
[[12.1429987,49.0417938],[13.3948782,52.5200851]],
[[11.6521292,52.1418259],[11.609458,49.9691505]],
[[9.9330581,51.5287719],[9.769208,52.3563646]],
[[6.79417,51.1903],[9.3679895,48.8968582]],
[[7.0468998,49.2584581],[12.530617,48.1832659]],
[[11.6304007,50.9599419],[9.769208,52.3563646]],
[[6.0777186,50.7772676],[8.4346999,49.0246986]],
[[12.530617,48.1832659],[11.609458,49.9691505]],
[[8.8493576,50.2427025],[8.8676095,53.1144974]],
[[6.79417,51.1903],[12.530617,48.1832659]],
[[9.1911959,47.6916692],[7.2695593,51.4483963]],
[[9.769208,52.3563646],[12.1429987,49.0417938]],
[[9.9330581,51.5287719],[11.6521292,52.1418259]],
[[8.8493576,50.2427025],[9.1911959,47.6916692]],
[[11.6304007,50.9599419],[11.6521292,52.1418259]],
[[13.9248276,51.0569113],[11.6521292,52.1418259]],
[[7.0468998,49.2584581],[6.79417,51.1903]],
[[12.7380044,51.3678333],[6.0777186,50.7772676]],
[[6.7866599,51.4308171],[12.9596891,51.9611664]],
[[8.8676095,53.1144974],[12.1429987,49.0417938]],
[[8.2798774,49.997447],[6.7866599,51.4308171]],
[[12.1429987,49.0417938],[8.4907578,52.0369388]],
[[8.8676095,53.1144974],[8.2798774,49.997447]],
[[6.4232242,50.9108523],[7.6285142,51.9698574]],
[[6.0777186,50.7772676],[11.609458,49.9691505]],
[[9.1911959,47.6916692],[11.5699075,48.1514082]],
[[12.133532,54.0883736],[11.609458,49.9691505]],
[[8.4907578,52.0369388],[8.6583986,49.8769831]],
[[7.0468998,49.2584581],[6.4232242,50.9108523]],
[[12.9596891,51.9611664],[9.3679895,48.8968582]],
[[12.530617,48.1832659],[8.8493576,50.2427025]],
[[11.3236637,49.5730438],[9.1530294,48.8324775]],
[[8.7045298,50.6035385],[6.7866599,51.4308171]],
[[11.609458,49.9691505],[8.6583986,49.8769831]],
[[8.4907578,52.0369388],[10.1825515,54.3356426]],
[[10.1825515,54.3356426],[13.3948782,52.5200851]],
[[12.9596891,51.9611664],[12.530617,48.1832659]],
[[8.8676095,53.1144974],[12.530617,48.1832659]],
[[9.769208,52.3563646],[6.79417,51.1903]],
[[6.7866599,51.4308171],[8.8676095,53.1144974]],
[[13.9248276,51.0569113],[9.1530294,48.8324775]],
[[11.6304007,50.9599419],[9.1530294,48.8324775]],
[[9.1911959,47.6916692],[6.7866599,51.4308171]],
[[6.7866599,51.4308171],[9.1911959,47.6916692]],
[[8.2798774,49.997447],[12.133532,54.0883736]],
[[10.0150461,48.4323616],[12.530617,48.1832659]],
[[7.6285142,51.9698574],[8.4907578,52.0369388]],
[[8.8676095,53.1144974],[6.79417,51.1903]],
[[7.0468998,49.2584581],[11.6304007,50.9599419]],
[[11.6304007,50.9599419],[7.0468998,49.2584581]],
[[8.6583986,49.8769831],[12.9596891,51.9611664]],
[[9.769208,52.3563646],[6.4232242,50.9108523]],
[[11.6521292,52.1418259],[13.3948782,52.5200851]],
[[8.4907578,52.0369388],[10.0150461,48.4323616]],
[[6.79417,51.1903],[13.9248276,51.0569113]],
[[6.0777186,50.7772676],[8.8493576,50.2427025]],
[[10.1825515,54.3356426],[8.4907578,52.0369388]],
[[8.4907578,52.0369388],[9.9330581,51.5287719]],
[[12.530617,48.1832659],[13.3948782,52.5200851]],
[[6.9915192,50.936379],[11.609458,49.9691505]],
[[9.3679895,48.8968582],[6.0777186,50.7772676]],
[[9.1911959,47.6916692],[12.133532,54.0883736]],
[[9.769208,52.3563646],[11.6304007,50.9599419]],
[[8.6583986,49.8769831],[8.8676095,53.1144974]],
[[11.6521292,52.1418259],[8.4907578,52.0369388]],
[[10.0150461,48.4323616],[6.4232242,50.9108523]],
[[8.6583986,49.8769831],[9.1911959,47.6916692]],
[[12.530617,48.1832659],[11.3236637,49.5730438]],
[[8.4907578,52.0369388],[9.769208,52.3563646]],
[[8.8493576,50.2427025],[6.0777186,50.7772676]],
[[8.6583986,49.8769831],[9.9710579,49.8196831]],
[[12.530617,48.1832659],[8.4907578,52.0369388]],
[[12.133532,54.0883736],[13.3948782,52.5200851]],
[[8.8676095,53.1144974],[13.9248276,51.0569113]],
[[6.0777186,50.7772676],[13.3948782,52.5200851]],
[[12.7380044,51.3678333],[12.530617,48.1832659]],
[[8.4907578,52.0369388],[11.6521292,52.1418259]],
[[11.609458,49.9691505],[11.6521292,52.1418259]],
[[11.609458,49.9691505],[8.8676095,53.1144974]],
[[11.609458,49.9691505],[9.1911959,47.6916692]],
[[12.530617,48.1832659],[12.7380044,51.3678333]],
[[7.0468998,49.2584581],[8.6583986,49.8769831]],
[[9.1530294,48.8324775],[11.3236637,49.5730438]],
[[7.0468998,49.2584581],[10.1825515,54.3356426]],
[[8.4907578,52.0369388],[8.7045298,50.6035385]],
[[6.0777186,50.7772676],[8.4907578,52.0369388]],
[[12.133532,54.0883736],[8.4907578,52.0369388]],
[[12.530617,48.1832659],[7.6285142,51.9698574]],
[[9.0841265,48.5526352],[6.0777186,50.7772676]],
[[6.4232242,50.9108523],[10.0150461,48.4323616]],
[[6.7866599,51.4308171],[12.133532,54.0883736]],
[[8.4346999,49.0246986],[11.6521292,52.1418259]],
[[8.2798774,49.997447],[12.530617,48.1832659]],
[[9.3679895,48.8968582],[12.1429987,49.0417938]],
[[8.6583986,49.8769831],[6.7866599,51.4308171]],
[[11.609458,49.9691505],[9.98389,53.5669]],
[[7.9049201,48.0288544],[12.530617,48.1832659]],
[[8.6583986,49.8769831],[9.1530294,48.8324775]],
[[9.769208,52.3563646],[10.1825515,54.3356426]],
[[8.4907578,52.0369388],[7.0468998,49.2584581]],
[[11.609458,49.9691505],[7.0468998,49.2584581]],
[[8.4346999,49.0246986],[8.7045298,50.6035385]],
[[12.133532,54.0883736],[7.6285142,51.9698574]],
[[8.7045298,50.6035385],[12.530617,48.1832659]],
[[8.8676095,53.1144974],[8.6583986,49.8769831]],
[[12.9596891,51.9611664],[8.6583986,49.8769831]],
[[6.4232242,50.9108523],[9.769208,52.3563646]],
[[9.9710579,49.8196831],[9.1530294,48.8324775]],
[[9.98389,53.5669],[9.1530294,48.8324775]],
[[9.3679895,48.8968582],[12.530617,48.1832659]],
[[8.4907578,52.0369388],[8.4346999,49.0246986]],
[[9.9330581,51.5287719],[13.3948782,52.5200851]],
[[8.8493576,50.2427025],[9.3679895,48.8968582]],
[[6.4232242,50.9108523],[11.6521292,52.1418259]],
[[9.1911959,47.6916692],[12.530617,48.1832659]],
[[8.7045298,50.6035385],[6.79417,51.1903]],
[[12.1429987,49.0417938],[8.8676095,53.1144974]],
[[10.0150461,48.4323616],[8.6583986,49.8769831]],
[[8.8493576,50.2427025],[12.530617,48.1832659]],
[[8.6583986,49.8769831],[12.133532,54.0883736]],
[[8.6583986,49.8769831],[6.0777186,50.7772676]],
[[9.769208,52.3563646],[10.0150461,48.4323616]],
[[11.6521292,52.1418259],[7.9049201,48.0288544]],
[[9.769208,52.3563646],[9.9330581,51.5287719]],
[[9.3679895,48.8968582],[6.79417,51.1903]],
[[6.79417,51.1903],[9.769208,52.3563646]],
[[12.530617,48.1832659],[7.9049201,48.0288544]],
[[9.9710579,49.8196831],[6.0777186,50.7772676]],
[[9.1911959,47.6916692],[6.79417,51.1903]],
[[8.7045298,50.6035385],[6.4232242,50.9108523]],
[[6.4232242,50.9108523],[8.7045298,50.6035385]],
[[6.79417,51.1903],[11.6521292,52.1418259]],
[[8.4907578,52.0369388],[11.609458,49.9691505]],
[[9.9330581,51.5287719],[8.4907578,52.0369388]],
[[11.6304007,50.9599419],[8.4907578,52.0369388]],
[[13.9248276,51.0569113],[8.4907578,52.0369388]],
[[6.4232242,50.9108523],[6.7866599,51.4308171]],
[[6.7866599,51.4308171],[8.2798774,49.997447]],
[[9.769208,52.3563646],[6.0706367,50.7768129]],
[[9.1911959,47.6916692],[6.4232242,50.9108523]],
[[7.6285142,51.9698574],[8.8676095,53.1144974]],
[[7.0468998,49.2584581],[8.7045298,50.6035385]],
[[6.79417,51.1903],[8.7045298,50.6035385]],
[[9.0841265,48.5526352],[12.530617,48.1832659]],
[[9.769208,52.3563646],[11.6521292,52.1418259]],
[[7.2695593,51.4483963],[9.1911959,47.6916692]],
[[6.4232242,50.9108523],[7.0468998,49.2584581]],
[[8.8676095,53.1144974],[9.769208,52.3563646]],
[[12.9596891,51.9611664],[9.769208,52.3563646]],
[[12.7380044,51.3678333],[8.6583986,49.8769831]],
[[12.530617,48.1832659],[12.9596891,51.9611664]],
[[8.4907578,52.0369388],[8.8493576,50.2427025]],
[[9.1911959,47.6916692],[11.6304007,50.9599419]],
[[9.1911959,47.6916692],[13.9248276,51.0569113]],
[[11.609458,49.9691505],[8.8493576,50.2427025]],
[[10.0150461,48.4323616],[9.769208,52.3563646]],
[[6.4232242,50.9108523],[12.133532,54.0883736]],
[[9.769208,52.3563646],[8.7045298,50.6035385]],
[[6.79417,51.1903],[7.0468998,49.2584581]],
[[13.3948782,52.5200851],[9.1911959,47.6916692]],
[[13.3948782,52.5200851],[9.9710579,49.8196831]],
[[11.6521292,52.1418259],[9.1911959,47.6916692]],
[[8.8676095,53.1144974],[8.7045298,50.6035385]],
[[6.0777186,50.7772676],[12.9596891,51.9611664]],
[[12.133532,54.0883736],[12.9596891,51.9611664]],
[[11.6521292,52.1418259],[9.9710579,49.8196831]],
[[12.530617,48.1832659],[8.8676095,53.1144974]],
[[12.530617,48.1832659],[7.1022809,50.733848]],
[[12.530617,48.1832659],[9.1911959,47.6916692]],
[[6.7866599,51.4308171],[6.4232242,50.9108523]],
[[12.530617,48.1832659],[9.9710579,49.8196831]],
[[6.79417,51.1903],[8.4346999,49.0246986]],
[[12.1429987,49.0417938],[12.133532,54.0883736]],
[[12.1429987,49.0417938],[6.0777186,50.7772676]],
[[11.609458,49.9691505],[8.2798774,49.997447]],
[[6.0777186,50.7772676],[10.0150461,48.4323616]],
[[8.8676095,53.1144974],[9.1530294,48.8324775]],
[[11.609458,49.9691505],[13.3948782,52.5200851]],
[[9.98389,53.5669],[12.530617,48.1832659]],
[[9.9710579,49.8196831],[12.530617,48.1832659]],
[[10.1825515,54.3356426],[6.7866599,51.4308171]],
[[12.9596891,51.9611664],[7.0468998,49.2584581]],
[[12.133532,54.0883736],[8.8676095,53.1144974]],
[[7.0468998,49.2584581],[11.609458,49.9691505]],
[[8.7045298,50.6035385],[10.1825515,54.3356426]],
[[6.7866599,51.4308171],[13.9248276,51.0569113]],
[[9.1530294,48.8324775],[8.8676095,53.1144974]],
[[6.7866599,51.4308171],[11.6304007,50.9599419]],
[[11.6521292,52.1418259],[9.98389,53.5669]],
[[12.133532,54.0883736],[9.1911959,47.6916692]],
[[9.1530294,48.8324775],[9.1911959,47.6916692]],
[[12.530617,48.1832659],[9.98389,53.5669]],
[[9.3679895,48.8968582],[10.1825515,54.3356426]],
[[6.0777186,50.7772676],[9.9710579,49.8196831]],
[[9.1530294,48.8324775],[9.9710579,49.8196831]],
[[6.79417,51.1903],[11.609458,49.9691505]],
[[9.1911959,47.6916692],[8.6583986,49.8769831]],
[[13.3948782,52.5200851],[6.7866599,51.4308171]],
[[12.9596891,51.9611664],[8.4346999,49.0246986]],
[[11.609458,49.9691505],[8.4907578,52.0369388]],
[[8.8493576,50.2427025],[8.6583986,49.8769831]],
[[7.6285142,51.9698574],[12.133532,54.0883736]],
[[6.4232242,50.9108523],[12.1429987,49.0417938]],
[[11.6521292,52.1418259],[6.7866599,51.4308171]],
[[6.0706367,50.7768129],[9.1911959,47.6916692]],
[[10.1825515,54.3356426],[6.0777186,50.7772676]],
[[8.4907578,52.0369388],[12.7380044,51.3678333]],
[[9.1530294,48.8324775],[11.5699075,48.1514082]],
[[9.1530294,48.8324775],[9.98389,53.5669]],
[[11.609458,49.9691505],[6.4232242,50.9108523]],
[[6.4232242,50.9108523],[12.530617,48.1832659]],
[[8.4346999,49.0246986],[8.4907578,52.0369388]],
[[8.8676095,53.1144974],[11.609458,49.9691505]],
[[8.4907578,52.0369388],[7.6285142,51.9698574]],
[[13.3948782,52.5200851],[12.133532,54.0883736]],
[[9.1911959,47.6916692],[9.9330581,51.5287719]],
[[13.3948782,52.5200851],[6.0777186,50.7772676]],
[[11.609458,49.9691505],[7.6285142,51.9698574]],
[[8.2798774,49.997447],[11.6521292,52.1418259]],
[[11.609458,49.9691505],[6.9915192,50.936379]],
[[12.133532,54.0883736],[6.7866599,51.4308171]],
[[11.6521292,52.1418259],[6.0777186,50.7772676]],
[[7.9049201,48.0288544],[11.6521292,52.1418259]],
[[10.0150461,48.4323616],[11.609458,49.9691505]],
[[8.7045298,50.6035385],[9.769208,52.3563646]],
[[12.1429987,49.0417938],[9.3679895,48.8968582]],
[[6.7866599,51.4308171],[8.6583986,49.8769831]],
[[12.530617,48.1832659],[6.0777186,50.7772676]],
[[6.7866599,51.4308171],[10.1825515,54.3356426]],
[[9.769208,52.3563646],[8.8493576,50.2427025]],
[[12.1429987,49.0417938],[12.530617,48.1832659]],
[[7.0468998,49.2584581],[13.3948782,52.5200851]],
[[9.1911959,47.6916692],[6.0706367,50.7768129]],
[[9.3679895,48.8968582],[11.6521292,52.1418259]],
[[13.9248276,51.0569113],[8.8676095,53.1144974]],
[[9.9330581,51.5287719],[9.1911959,47.6916692]],
[[8.8676095,53.1144974],[8.8493576,50.2427025]],
[[11.6304007,50.9599419],[9.1911959,47.6916692]],
[[13.9248276,51.0569113],[9.1911959,47.6916692]],
[[8.8493576,50.2427025],[9.769208,52.3563646]],
[[6.79417,51.1903],[13.3948782,52.5200851]],
[[9.1911959,47.6916692],[11.6521292,52.1418259]],
[[11.5699075,48.1514082],[9.1530294,48.8324775]],
[[12.530617,48.1832659],[9.0841265,48.5526352]],
[[8.2798774,49.997447],[7.0468998,49.2584581]],
[[7.6285142,51.9698574],[9.3679895,48.8968582]],
[[7.0468998,49.2584581],[8.4907578,52.0369388]],
[[9.769208,52.3563646],[13.3948782,52.5200851]],
[[6.79417,51.1903],[8.4907578,52.0369388]],
[[12.1429987,49.0417938],[6.4232242,50.9108523]],
[[9.1911959,47.6916692],[8.7045298,50.6035385]],
[[7.6285142,51.9698574],[12.530617,48.1832659]],
[[10.1825515,54.3356426],[9.3679895,48.8968582]],
[[9.3679895,48.8968582],[9.1530294,48.8324775]],
[[13.3948782,52.5200851],[12.1429987,49.0417938]],
[[8.7045298,50.6035385],[7.0468998,49.2584581]],
[[9.9710579,49.8196831],[8.6583986,49.8769831]],
[[9.1911959,47.6916692],[9.1530294,48.8324775]],
[[11.6521292,52.1418259],[8.2798774,49.997447]],
[[6.0777186,50.7772676],[9.0841265,48.5526352]],
[[9.3679895,48.8968582],[7.0468998,49.2584581]],
[[13.3948782,52.5200851],[9.3679895,48.8968582]],
[[12.530617,48.1832659],[12.1429987,49.0417938]],
[[9.769208,52.3563646],[8.4907578,52.0369388]],
[[13.9248276,51.0569113],[6.7866599,51.4308171]],
[[9.1911959,47.6916692],[7.0468998,49.2584581]],
[[12.530617,48.1832659],[8.2798774,49.997447]],
[[11.6304007,50.9599419],[6.7866599,51.4308171]],
[[13.3948782,52.5200851],[12.530617,48.1832659]],
[[11.6521292,52.1418259],[9.3679895,48.8968582]],
[[8.7045298,50.6035385],[8.4346999,49.0246986]],
[[6.7866599,51.4308171],[11.6521292,52.1418259]],
[[8.6583986,49.8769831],[10.0150461,48.4323616]],
[[12.9596891,51.9611664],[8.4907578,52.0369388]],
[[8.4907578,52.0369388],[12.9596891,51.9611664]],
[[6.9915192,50.936379],[12.133532,54.0883736]],
[[8.6583986,49.8769831],[9.9330581,51.5287719]],
[[12.530617,48.1832659],[9.3679895,48.8968582]],
[[11.6521292,52.1418259],[12.530617,48.1832659]],
[[7.6285142,51.9698574],[6.4232242,50.9108523]],
[[8.2798774,49.997447],[11.609458,49.9691505]],
[[10.1825515,54.3356426],[6.4232242,50.9108523]],
[[13.3948782,52.5200851],[6.79417,51.1903]],
[[12.133532,54.0883736],[12.1429987,49.0417938]],
[[10.0150461,48.4323616],[8.4907578,52.0369388]],
[[6.7866599,51.4308171],[8.7045298,50.6035385]],
[[6.0777186,50.7772676],[12.1429987,49.0417938]],
[[11.609458,49.9691505],[10.0150461,48.4323616]],
[[11.6521292,52.1418259],[6.79417,51.1903]],
[[12.133532,54.0883736],[8.2798774,49.997447]],
[[9.769208,52.3563646],[7.6285142,51.9698574]],
[[9.9330581,51.5287719],[6.0777186,50.7772676]],
[[8.7045298,50.6035385],[11.609458,49.9691505]],
[[11.6304007,50.9599419],[6.0777186,50.7772676]],
[[6.4232242,50.9108523],[10.1825515,54.3356426]],
[[12.530617,48.1832659],[6.79417,51.1903]],
[[13.9248276,51.0569113],[12.133532,54.0883736]],
[[9.1530294,48.8324775],[9.3679895,48.8968582]],
[[13.3948782,52.5200851],[6.4232242,50.9108523]],
[[6.0777186,50.7772676],[9.3679895,48.8968582]],
[[8.4346999,49.0246986],[12.9596891,51.9611664]],
[[8.8676095,53.1144974],[7.6285142,51.9698574]],
[[9.98389,53.5669],[9.769208,52.3563646]],
[[10.1825515,54.3356426],[11.6304007,50.9599419]],
[[9.1911959,47.6916692],[11.609458,49.9691505]],
[[6.0777186,50.7772676],[12.530617,48.1832659]],
[[8.6583986,49.8769831],[11.6521292,52.1418259]],
[[10.1825515,54.3356426],[13.9248276,51.0569113]],
[[11.6521292,52.1418259],[6.4232242,50.9108523]],
[[6.7866599,51.4308171],[7.0468998,49.2584581]],
[[12.530617,48.1832659],[6.4232242,50.9108523]],
[[8.8493576,50.2427025],[11.609458,49.9691505]],
[[9.9710579,49.8196831],[11.6521292,52.1418259]],
[[9.98389,53.5669],[11.6521292,52.1418259]],
[[11.6521292,52.1418259],[6.9915192,50.936379]],
[[6.0777186,50.7772676],[6.79417,51.1903]],
[[6.7866599,51.4308171],[8.4346999,49.0246986]],
[[6.4232242,50.9108523],[9.9330581,51.5287719]],
[[11.6521292,52.1418259],[11.6304007,50.9599419]],
[[11.6521292,52.1418259],[13.9248276,51.0569113]],
[[12.7380044,51.3678333],[8.4907578,52.0369388]],
[[9.3679895,48.8968582],[8.8493576,50.2427025]],
[[12.530617,48.1832659],[13.9248276,51.0569113]],
[[9.1911959,47.6916692],[8.8493576,50.2427025]],
[[12.133532,54.0883736],[6.4232242,50.9108523]]];


