var coauthorships9 = [[[12.7380044,51.3678333],[10.3363267,44.8051009]],
[[12.7380044,51.3678333],[9.1219319,39.2709906]],
[[12.7380044,51.3678333],[23.733202,37.988536]],
[[12.7380044,51.3678333],[-66.6349891,45.9512099]],
[[12.7380044,51.3678333],[139.04824,36.4339233]],
[[12.7380044,51.3678333],[-119.8128228,39.5419118]],
[[12.7380044,51.3678333],[-97.4417591,35.1915294]],
[[12.7380044,51.3678333],[121.4013945,31.233672]],
[[12.7380044,51.3678333],[-73.03689,-36.82907]],
[[12.7380044,51.3678333],[-46.7010797,-23.6554872]],
[[12.7380044,51.3678333],[4.759891,50.9028893]],
[[12.7380044,51.3678333],[15.1171865,37.5530243]],
[[12.7380044,51.3678333],[151.2016904,-33.8804871]],
[[12.7380044,51.3678333],[121.5066331,31.3047479]],
[[12.7380044,51.3678333],[129.868965,32.7887988]],
[[12.7380044,51.3678333],[-106.7332395,32.2861383]],
[[12.7380044,51.3678333],[-84.726604,43.466288]],
[[12.7380044,51.3678333],[140.1068071,35.6329062]],
[[12.7380044,51.3678333],[-87.9607803,41.7199167]],
[[12.7380044,51.3678333],[-34.9511503,-8.0516463]],
[[12.7380044,51.3678333],[-66.088461,18.4619039]],
[[12.7380044,51.3678333],[-93.361267,39.967628]],
[[12.7380044,51.3678333],[100.3020878,5.3556877]],
[[12.7380044,51.3678333],[12.5189692,41.9048471]],
[[12.7380044,51.3678333],[-0.3429176,51.4267079]],
[[12.7380044,51.3678333],[139.724932,35.639902]],
[[12.7380044,51.3678333],[5.4273619,36.1534909]],
[[12.7380044,51.3678333],[90.4017244,23.7934842]],
[[12.7380044,51.3678333],[-84.386736,33.752395]],
[[12.7380044,51.3678333],[34.8509288,32.0747261]],
[[12.7380044,51.3678333],[-76.709418,37.2708446]],
[[12.7380044,51.3678333],[-70.6724323,-33.4975975]],
[[12.7380044,51.3678333],[117.17276,39.1052697]],
[[12.7380044,51.3678333],[21.0115973,52.2229091]],
[[12.7380044,51.3678333],[17.2382355,48.2640533]],
[[12.7380044,51.3678333],[130.552634,33.315808]],
[[12.7380044,51.3678333],[-97.0627992,36.1431028]],
[[12.7380044,51.3678333],[6.8567261,52.2380639]],
[[12.7380044,51.3678333],[-3.4698551,40.5635185]],
[[12.7380044,51.3678333],[-106.25086,35.83336]],
[[12.7380044,51.3678333],[116.3308219,40.0118473]],
[[12.7380044,51.3678333],[-95.3579068,35.7453197]],
[[12.7380044,51.3678333],[-1.2186814,52.7703862]],
[[12.7380044,51.3678333],[-83.0620479,42.3664785]],
[[12.7380044,51.3678333],[-75.3781987,40.6068528]],
[[12.7380044,51.3678333],[51.4126152,35.705943]],
[[12.7380044,51.3678333],[-95.84524,39.69647]],
[[12.7380044,51.3678333],[139.4842303,35.5175397]],
[[12.7380044,51.3678333],[-0.4660128,51.534788]],
[[12.7380044,51.3678333],[12.5287714,55.7923978]],
[[12.7380044,51.3678333],[-73.9538734,40.7646748]],
[[12.7380044,51.3678333],[-92.317483,34.751671]],
[[12.7380044,51.3678333],[-38.4221497,-3.6891971]],
[[12.7380044,51.3678333],[-75.1564746,39.9486842]],
[[12.7380044,51.3678333],[139.7446209,35.6497575]],
[[12.7380044,51.3678333],[136.742453,35.4701945]],
[[12.7380044,51.3678333],[126.9792888,37.2973938]],
[[12.7380044,51.3678333],[30.5127804,50.4451469]],
[[12.7380044,51.3678333],[-117.3168519,33.9828803]],
[[12.7380044,51.3678333],[-87.6233945,41.8395586]],
[[12.7380044,51.3678333],[140.766513,-37.8061641]],
[[12.7380044,51.3678333],[114.1749414,22.3404302]],
[[12.7380044,51.3678333],[-39.8574973,-18.6729669]],
[[12.7380044,51.3678333],[-75.1914768,39.9558557]],
[[12.7380044,51.3678333],[153.0304719,-27.4754837]],
[[12.7380044,51.3678333],[-82.492211,42.817231]],
[[12.7380044,51.3678333],[11.9824212,57.6940864]],
[[12.7380044,51.3678333],[-58.37306,-34.59972]],
[[12.7380044,51.3678333],[118.7782662,32.0610617]],
[[12.7380044,51.3678333],[-0.3629521,53.7728413]],
[[12.7380044,51.3678333],[-73.9537598,40.7642185]],
[[12.7380044,51.3678333],[-80.2719469,25.7197949]],
[[12.7380044,51.3678333],[-116.8335876,32.5879402]],
[[12.7380044,51.3678333],[-96.7434833,32.9945741]],
[[12.7380044,51.3678333],[-34.7959328,-7.0560889]],
[[12.7380044,51.3678333],[121.1967519,24.9717322]],
[[12.7380044,51.3678333],[132.7123695,34.4020266]],
[[12.7380044,51.3678333],[0.9515806,51.8801279]],
[[12.7380044,51.3678333],[18.6187994,-33.9062299]],
[[12.7380044,51.3678333],[126.8414175,35.22701]],
[[12.7380044,51.3678333],[-0.2453904,51.7635526]],
[[12.7380044,51.3678333],[130.5460779,31.5716865]],
[[12.7380044,51.3678333],[-48.5039132,-27.5812744]],
[[12.7380044,51.3678333],[-4.236597,55.8643291]],
[[12.7380044,51.3678333],[130.7028609,32.8383289]],
[[12.7380044,51.3678333],[-71.0873836,42.3388452]],
[[12.7380044,51.3678333],[121.446005,31.0366062]],
[[12.7380044,51.3678333],[-71.3972319,41.830841]],
[[12.7380044,51.3678333],[142.3068141,43.7842989]],
[[12.7380044,51.3678333],[-75.687132,45.4260056]],
[[12.7380044,51.3678333],[-105.5780017,41.3124813]],
[[12.7380044,51.3678333],[-79.9100085,43.2689356]],
[[12.7380044,51.3678333],[101.6634568,3.1352819]],
[[12.7380044,51.3678333],[-157.8109866,21.3054539]],
[[12.7380044,51.3678333],[-3.7968864,43.4731718]],
[[12.7380044,51.3678333],[-89.5249732,34.3645708]],
[[12.7380044,51.3678333],[141.3477771,43.0889022]],
[[12.7380044,51.3678333],[-104.8386118,39.7446994]],
[[12.7380044,51.3678333],[-95.3473358,44.7875748]],
[[12.7380044,51.3678333],[-73.9726347,40.7821521]],
[[12.7380044,51.3678333],[144.3644195,-38.0989687]],
[[12.7380044,51.3678333],[-111.6501032,40.2522687]],
[[12.7380044,51.3678333],[-1.6467272,42.8050426]],
[[12.7380044,51.3678333],[-81.7628549,38.3846219]],
[[12.7380044,51.3678333],[-73.94222,40.84139]],
[[12.7380044,51.3678333],[-79.9374931,40.4487517]],
[[12.7380044,51.3678333],[-80.1089742,26.8895109]],
[[12.7380044,51.3678333],[144.3608419,-38.1442365]],
[[12.7380044,51.3678333],[150.8836922,-34.4017626]],
[[12.7380044,51.3678333],[1.2409636,52.6222071]],
[[12.7380044,51.3678333],[151.7715189,-32.9276079]],
[[12.7380044,51.3678333],[117.1729316,39.1131784]],
[[12.7380044,51.3678333],[-123.3003288,48.470797]],
[[12.7380044,51.3678333],[-86.2507476,41.6838006]],
[[12.7380044,51.3678333],[-5.796833,54.6847229]],
[[12.7380044,51.3678333],[0.1332775,52.176315]],
[[12.7380044,51.3678333],[28.0332527,-26.1837139]],
[[12.7380044,51.3678333],[2.3769497,48.8275732]],
[[12.7380044,51.3678333],[114.3694147,30.5501222]],
[[12.7380044,51.3678333],[-0.1274397,51.5228397]],
[[12.7380044,51.3678333],[137.1883452,36.6964768]],
[[12.7380044,51.3678333],[1.4412637,43.6060271]],
[[12.7380044,51.3678333],[-90.3064973,38.6489473]],
[[12.7380044,51.3678333],[-111.8121808,41.7412004]],
[[12.7380044,51.3678333],[116.2465345,39.9141076]],
[[12.7380044,51.3678333],[15.6307983,38.2427635]],
[[12.7380044,51.3678333],[-122.1754332,37.4589533]],
[[12.7380044,51.3678333],[103.7375611,36.1013906]],
[[12.7380044,51.3678333],[-4.7172343,41.6548577]],
[[12.7380044,51.3678333],[1.9574357,47.943307]],
[[12.7380044,51.3678333],[-123.0607923,44.0494378]],
[[12.7380044,51.3678333],[116.3591905,39.9920964]],
[[12.7380044,51.3678333],[106.3327179,38.4922523]],
[[12.7380044,51.3678333],[-93.6296415,42.0029437]],
[[12.7380044,51.3678333],[113.2510933,23.1132377]],
[[12.7380044,51.3678333],[-0.947957,41.3097229]],
[[12.7380044,51.3678333],[-122.9028781,49.2812994]],
[[12.7380044,51.3678333],[100.5343603,13.7653039]],
[[12.7380044,51.3678333],[-80.3682477,25.7610918]],
[[12.7380044,51.3678333],[-10.0,16.5]],
[[12.7380044,51.3678333],[130.3673222,33.5512535]],
[[12.7380044,51.3678333],[-104.6387914,23.9998614]],
[[12.7380044,51.3678333],[46.6194747,24.717304]],
[[12.7380044,51.3678333],[-122.0620579,37.4174756]],
[[12.7380044,51.3678333],[-5.7893648,43.4023018]],
[[12.7380044,51.3678333],[-84.3240412,33.8008471]],
[[12.7380044,51.3678333],[126.9450979,37.5753299]],
[[12.7380044,51.3678333],[-72.8484664,40.8931456]],
[[12.7380044,51.3678333],[5.3804764,43.3071361]],
[[12.7380044,51.3678333],[-75.3229383,6.3100356]],
[[12.7380044,51.3678333],[-97.1662645,49.7977773]],
[[12.7380044,51.3678333],[-74.1727862,40.3641606]],
[[12.7380044,51.3678333],[-79.492979,43.7812886]],
[[12.7380044,51.3678333],[34.9959059,32.7784744]],
[[12.7380044,51.3678333],[-65.8802139,18.3861975]],
[[12.7380044,51.3678333],[116.3153474,39.9982853]],
[[12.7380044,51.3678333],[106.3418361,29.6506838]],
[[12.7380044,51.3678333],[-83.056993,42.3544513]],
[[12.7380044,51.3678333],[-97.7388439,30.266092]],
[[12.7380044,51.3678333],[131.4667096,34.1468131]],
[[12.7380044,51.3678333],[-106.6132468,35.0911457]],
[[12.7380044,51.3678333],[-2.0073525,43.3138068]],
[[12.7380044,51.3678333],[-74.1762877,40.7446388]],
[[12.7380044,51.3678333],[-79.9470542,32.7844309]],
[[12.7380044,51.3678333],[6.1141976,49.624416]],
[[12.7380044,51.3678333],[-7.2324139,55.0449684]],
[[12.7380044,51.3678333],[-5.9279191,54.6048576]],
[[12.7380044,51.3678333],[31.2878681,30.0787727]],
[[12.7380044,51.3678333],[-1.3081623,51.576052]],
[[12.7380044,51.3678333],[-52.7257477,47.5778695]],
[[12.7380044,51.3678333],[139.5450151,35.6596101]],
[[12.7380044,51.3678333],[135.5038778,34.5935972]],
[[12.7380044,51.3678333],[121.5070918,31.2894081]],
[[12.7380044,51.3678333],[-76.298255,36.868371]],
[[12.7380044,51.3678333],[-73.7784691,42.6545446]],
[[12.7380044,51.3678333],[-74.185599,40.741331]],
[[12.7380044,51.3678333],[-92.4668486,44.0212254]],
[[12.7380044,51.3678333],[139.9105311,35.9194641]],
[[12.7380044,51.3678333],[-97.5059008,35.4779618]],
[[12.7380044,51.3678333],[2.4801631,8.254982]],
[[12.7380044,51.3678333],[12.4395972,41.9307595]],
[[12.7380044,51.3678333],[-85.7526949,38.2204261]],
[[12.7380044,51.3678333],[-2.7810559,54.0160361]],
[[12.7380044,51.3678333],[11.1160394,46.0659336]],
[[12.7380044,51.3678333],[-87.6339101,41.8805958]],
[[12.7380044,51.3678333],[-99.0706381,19.3660844]],
[[12.7380044,51.3678333],[-75.699524,45.3820703]],
[[12.7380044,51.3678333],[-71.7586203,42.2822458]],
[[12.7380044,51.3678333],[1.0741169,51.3013948]],
[[12.7380044,51.3678333],[114.2104691,22.4141326]],
[[12.7380044,51.3678333],[-88.7635622,41.9373363]],
[[12.7380044,51.3678333],[73.8288056,18.5626543]],
[[12.7380044,51.3678333],[-111.6339978,35.214584]],
[[12.7380044,51.3678333],[110.3931787,-7.773793]],
[[12.7380044,51.3678333],[-0.6745832,51.3768761]],
[[12.7380044,51.3678333],[6.0593155,46.2391497]],
[[12.7380044,51.3678333],[118.8584787,32.0386719]],
[[12.7380044,51.3678333],[-111.052953,45.6697025]],
[[12.7380044,51.3678333],[-117.0633128,32.7792936]],
[[12.7380044,51.3678333],[-9.1366704,38.7381202]],
[[12.7380044,51.3678333],[-71.9210816,45.3835638]],
[[12.7380044,51.3678333],[-77.4648876,39.0713997]],
[[12.7380044,51.3678333],[-117.0112763,46.7257206]],
[[12.7380044,51.3678333],[-71.467251,42.9940244]],
[[12.7380044,51.3678333],[132.78192,33.9752563]],
[[12.7380044,51.3678333],[21.013338,52.1709786]],
[[12.7380044,51.3678333],[121.0023582,24.790985]],
[[12.7380044,51.3678333],[14.4181596,50.0765775]],
[[12.7380044,51.3678333],[77.5726914,13.0299631]],
[[12.7380044,51.3678333],[83.0044218,25.2806292]],
[[12.7380044,51.3678333],[18.0730117,59.347217]],
[[12.7380044,51.3678333],[103.6369564,1.5577649]],
[[12.7380044,51.3678333],[-58.8021999,-38.4680999]],
[[12.7380044,51.3678333],[-43.9557773,-19.8601668]],
[[12.7380044,51.3678333],[-0.0809254,50.8737286]],
[[12.7380044,51.3678333],[31.7295089,68.2228767]],
[[12.7380044,51.3678333],[-66.4212799,-17.5064754]],
[[12.7380044,51.3678333],[121.3934369,25.0319665]],
[[12.7380044,51.3678333],[101.7315993,3.0111705]],
[[12.7380044,51.3678333],[-79.3400239,43.7239871]],
[[12.7380044,51.3678333],[-86.228657,41.7160693]],
[[12.7380044,51.3678333],[15.9719625,45.8126622]],
[[12.7380044,51.3678333],[112.9913104,28.1920791]],
[[12.7380044,51.3678333],[137.7174791,34.7268564]],
[[12.7380044,51.3678333],[-77.100851,38.8849903]],
[[12.7380044,51.3678333],[-82.4017941,28.0690517]],
[[12.7380044,51.3678333],[121.2625551,14.1509607]],
[[12.7380044,51.3678333],[-89.6268004,21.0219221]],
[[12.7380044,51.3678333],[34.4423131,31.515334]],
[[12.7380044,51.3678333],[-90.114292,29.948289]],
[[12.7380044,51.3678333],[76.8805314,28.5088966]],
[[12.7380044,51.3678333],[140.1248398,36.0762156]],
[[12.7380044,51.3678333],[-71.1702774,42.3353416]],
[[12.7380044,51.3678333],[-2.25335,53.0097723]],
[[12.7380044,51.3678333],[-77.0174978,38.8286606]],
[[12.7380044,51.3678333],[-86.5194297,39.1694811]],
[[12.7380044,51.3678333],[-73.56055,45.51227]],
[[12.7380044,51.3678333],[-81.3101773,41.1536842]],
[[12.7380044,51.3678333],[21.8347263,47.6325455]],
[[12.7380044,51.3678333],[-122.3727599,47.6304277]],
[[12.7380044,51.3678333],[-79.4191638,43.6446887]],
[[12.7380044,51.3678333],[117.2676538,31.8436188]],
[[12.7380044,51.3678333],[-119.8385188,34.4230161]],
[[12.7380044,51.3678333],[-121.6968689,37.6956163]],
[[12.7380044,51.3678333],[4.8999019,61.0476494]],
[[12.7380044,51.3678333],[-0.5831894,51.2455747]],
[[12.7380044,51.3678333],[-76.298255,36.868371]],
[[12.7380044,51.3678333],[-4.4492001,36.723219]],
[[12.7380044,51.3678333],[133.9222772,34.6893893]],
[[12.7380044,51.3678333],[116.2842401,40.029768]],
[[12.7380044,51.3678333],[144.9660518,-37.8048716]],
[[12.7380044,51.3678333],[-77.4452845,37.5545046]],
[[12.7380044,51.3678333],[126.8166077,37.4899295]],
[[12.7380044,51.3678333],[-122.6778865,45.5198941]],
[[12.7380044,51.3678333],[-83.3745427,33.9553139]],
[[12.7380044,51.3678333],[-87.1113358,37.7689874]],
[[12.7380044,51.3678333],[139.7641345,35.6985674]],
[[12.7380044,51.3678333],[-84.8748559,39.872381]],
[[12.7380044,51.3678333],[-83.6052304,41.6630845]],
[[12.7380044,51.3678333],[-97.1161321,49.8163993]],
[[12.7380044,51.3678333],[-95.9704849,41.2596681]],
[[12.7380044,51.3678333],[-97.1149665,32.731205]],
[[12.7380044,51.3678333],[-72.2925408,43.7048427]],
[[12.7380044,51.3678333],[134.5591155,34.0780245]],
[[12.7380044,51.3678333],[122.0562624,37.5314131]],
[[12.7380044,51.3678333],[-86.2363434,41.6928]],
[[12.7380044,51.3678333],[139.6197807,35.3345853]],
[[12.7380044,51.3678333],[7.65833,45.06455]],
[[12.7380044,51.3678333],[127.0447598,37.5551757]],
[[12.7380044,51.3678333],[80.2354519,13.0108225]],
[[12.7380044,51.3678333],[139.6778306,35.6453867]],
[[12.7380044,51.3678333],[0.373535,38.9796944]]];


