var coauthorships8 = [[[12.7380044,51.3678333],[-84.65897,42.29093]],
[[12.7380044,51.3678333],[9.1219319,39.2709906]],
[[12.7380044,51.3678333],[-90.1739265,32.3296398]],
[[12.7380044,51.3678333],[23.733202,37.988536]],
[[12.7380044,51.3678333],[-66.6349891,45.9512099]],
[[12.7380044,51.3678333],[139.04824,36.4339233]],
[[12.7380044,51.3678333],[-105.2725017,40.0069732]],
[[12.7380044,51.3678333],[-122.2520309,37.877679]],
[[12.7380044,51.3678333],[-95.3958997,29.7086682]],
[[12.7380044,51.3678333],[-119.8128228,39.5419118]],
[[12.7380044,51.3678333],[-5.6689,40.96603]],
[[12.7380044,51.3678333],[-87.115997,46.246239]],
[[12.7380044,51.3678333],[4.3795063,50.8127949]],
[[12.7380044,51.3678333],[6.5721733,46.5222479]],
[[12.7380044,51.3678333],[121.535977,25.0183173]],
[[12.7380044,51.3678333],[-93.361267,39.967628]],
[[12.7380044,51.3678333],[-118.287888,34.0247495]],
[[12.7380044,51.3678333],[-97.4417591,35.1915294]],
[[12.7380044,51.3678333],[121.4013945,31.233672]],
[[12.7380044,51.3678333],[-73.03689,-36.82907]],
[[12.7380044,51.3678333],[-46.7010797,-23.6554872]],
[[12.7380044,51.3678333],[25.0856847,35.3095571]],
[[12.7380044,51.3678333],[23.332293,42.6949548]],
[[12.7380044,51.3678333],[4.759891,50.9028893]],
[[12.7380044,51.3678333],[-84.3210492,33.8033912]],
[[12.7380044,51.3678333],[15.1171865,37.5530243]],
[[12.7380044,51.3678333],[151.2026274,-33.8826497]],
[[12.7380044,51.3678333],[126.9612239,37.4689857]],
[[12.7380044,51.3678333],[-84.5013594,39.1412084]],
[[12.7380044,51.3678333],[121.5066331,31.3047479]],
[[12.7380044,51.3678333],[129.868965,32.7887988]],
[[12.7380044,51.3678333],[-72.692941,41.7500339]],
[[12.7380044,51.3678333],[-106.7332395,32.2861383]],
[[12.7380044,51.3678333],[-90.45997,35.95422]],
[[12.7380044,51.3678333],[-84.726604,43.466288]],
[[12.7380044,51.3678333],[140.1068071,35.6329062]],
[[12.7380044,51.3678333],[-87.9607803,41.7199167]],
[[12.7380044,51.3678333],[-4.2836342,55.8752442]],
[[12.7380044,51.3678333],[13.1835928,5.8725262]],
[[12.7380044,51.3678333],[9.1959429,39.2703056]],
[[12.7380044,51.3678333],[-83.0094938,40.0002591]],
[[12.7380044,51.3678333],[-93.361267,39.967628]],
[[12.7380044,51.3678333],[-77.869149,40.805978]],
[[12.7380044,51.3678333],[-77.0689713,38.9126841]],
[[12.7380044,51.3678333],[-34.9511503,-8.0516463]],
[[12.7380044,51.3678333],[-66.088461,18.4619039]],
[[12.7380044,51.3678333],[-89.6667846,44.965709]],
[[12.7380044,51.3678333],[-70.5885315,-32.8262291]],
[[12.7380044,51.3678333],[-93.361267,39.967628]],
[[12.7380044,51.3678333],[-72.9338118,41.3031848]],
[[12.7380044,51.3678333],[-71.1066292,42.3384273]],
[[12.7380044,51.3678333],[-79.3896675,43.6579534]],
[[12.7380044,51.3678333],[-96.576277,39.2309937]],
[[12.7380044,51.3678333],[100.3020878,5.3556877]],
[[12.7380044,51.3678333],[5.6875284,50.8460863]],
[[12.7380044,51.3678333],[-76.589656,39.2984378]],
[[12.7380044,51.3678333],[-122.6847373,45.4993769]],
[[12.7380044,51.3678333],[18.4643375,-33.9525722]],
[[12.7380044,51.3678333],[4.3859076,52.0093205]],
[[12.7380044,51.3678333],[12.5189692,41.9048471]],
[[12.7380044,51.3678333],[-89.3940996,43.0920898]],
[[12.7380044,51.3678333],[16.3708381,48.1992015]],
[[12.7380044,51.3678333],[26.7203036,58.3806179]],
[[12.7380044,51.3678333],[-0.3429176,51.4267079]],
[[12.7380044,51.3678333],[139.724932,35.639902]],
[[12.7380044,51.3678333],[5.4273619,36.1534909]],
[[12.7380044,51.3678333],[90.4017244,23.7934842]],
[[12.7380044,51.3678333],[-84.386736,33.752395]],
[[12.7380044,51.3678333],[34.8509288,32.0747261]],
[[12.7380044,51.3678333],[92.7602184,55.9897525]],
[[12.7380044,51.3678333],[-76.709418,37.2708446]],
[[12.7380044,51.3678333],[-70.6724323,-33.4975975]],
[[12.7380044,51.3678333],[-0.0371712,51.5269647]],
[[12.7380044,51.3678333],[114.2696034,22.3404248]],
[[12.7380044,51.3678333],[117.17276,39.1052697]],
[[12.7380044,51.3678333],[2.3607485,48.8489212]],
[[12.7380044,51.3678333],[-0.1256987,51.5258807]],
[[12.7380044,51.3678333],[-74.6643795,40.3327658]],
[[12.7380044,51.3678333],[5.0715303,47.3176936]],
[[12.7380044,51.3678333],[-2.6092402,51.458805]],
[[12.7380044,51.3678333],[-80.5323949,43.4768187]],
[[12.7380044,51.3678333],[-29.53125,6.3296299]],
[[12.7380044,51.3678333],[18.0656625,59.3676352]],
[[12.7380044,51.3678333],[2.2214247,48.7175984]],
[[12.7380044,51.3678333],[139.759065,35.721505]],
[[12.7380044,51.3678333],[-122.2218097,37.884425]],
[[12.7380044,51.3678333],[21.0115973,52.2229091]],
[[12.7380044,51.3678333],[17.2382355,48.2640533]],
[[12.7380044,51.3678333],[130.552634,33.315808]],
[[12.7380044,51.3678333],[-97.0627992,36.1431028]],
[[12.7380044,51.3678333],[6.8567261,52.2380639]],
[[12.7380044,51.3678333],[-3.4698551,40.5635185]],
[[12.7380044,51.3678333],[-88.5484324,47.1196693]],
[[12.7380044,51.3678333],[-100.1457901,40.9725113]],
[[12.7380044,51.3678333],[-106.25086,35.83336]],
[[12.7380044,51.3678333],[116.3308219,40.0118473]],
[[12.7380044,51.3678333],[-0.4841009,38.3648376]],
[[12.7380044,51.3678333],[-95.3579068,35.7453197]],
[[12.7380044,51.3678333],[-1.2186814,52.7703862]],
[[12.7380044,51.3678333],[-123.1966053,49.2845486]],
[[12.7380044,51.3678333],[9.4661028,55.4914057]],
[[12.7380044,51.3678333],[172.5883401,-43.5197283]],
[[12.7380044,51.3678333],[12.441844,43.1494675]],
[[12.7380044,51.3678333],[120.17342,30.2599684]],
[[12.7380044,51.3678333],[-83.0620479,42.3664785]],
[[12.7380044,51.3678333],[-1.0130483,53.9531737]],
[[12.7380044,51.3678333],[11.4441833,44.5749359]],
[[12.7380044,51.3678333],[-76.4554462,42.4598758]],
[[12.7380044,51.3678333],[114.140637,22.2846497]],
[[12.7380044,51.3678333],[174.7718813,-36.8484945]],
[[12.7380044,51.3678333],[32.7929837,39.907723]],
[[12.7380044,51.3678333],[-75.3781987,40.6068528]],
[[12.7380044,51.3678333],[-1.5729573,54.7735525]],
[[12.7380044,51.3678333],[-97.861145,29.9396591]],
[[12.7380044,51.3678333],[51.4126152,35.705943]],
[[12.7380044,51.3678333],[-95.84524,39.69647]],
[[12.7380044,51.3678333],[139.4842303,35.5175397]],
[[12.7380044,51.3678333],[-0.4660128,51.534788]],
[[12.7380044,51.3678333],[147.3315056,-42.899338]],
[[12.7380044,51.3678333],[12.5287714,55.7923978]],
[[12.7380044,51.3678333],[9.1911959,47.6916692]],
[[12.7380044,51.3678333],[-72.5045049,42.4004261]],
[[12.7380044,51.3678333],[-73.9538734,40.7646748]],
[[12.7380044,51.3678333],[139.7631311,35.7031124]],
[[12.7380044,51.3678333],[-92.317483,34.751671]],
[[12.7380044,51.3678333],[153.0605718,-27.546827]],
[[12.7380044,51.3678333],[-38.4221497,-3.6891971]],
[[12.7380044,51.3678333],[-75.1564746,39.9486842]],
[[12.7380044,51.3678333],[-9.156092,38.7533992]],
[[12.7380044,51.3678333],[-93.361267,39.967628]],
[[12.7380044,51.3678333],[139.7446209,35.6497575]],
[[12.7380044,51.3678333],[136.742453,35.4701945]],
[[12.7380044,51.3678333],[10.4079476,43.7201799]],
[[12.7380044,51.3678333],[-83.9306894,35.9542993]],
[[12.7380044,51.3678333],[-8.4919852,51.893485]],
[[12.7380044,51.3678333],[126.9792888,37.2973938]],
[[12.7380044,51.3678333],[10.3722504,55.3891181]],
[[12.7380044,51.3678333],[-71.110581,42.4107967]],
[[12.7380044,51.3678333],[-73.9548926,40.7648495]],
[[12.7380044,51.3678333],[30.5127804,50.4451469]],
[[12.7380044,51.3678333],[6.5780698,53.2240232]],
[[12.7380044,51.3678333],[3.8698951,43.6348461]],
[[12.7380044,51.3678333],[-2.9761309,56.4598773]],
[[12.7380044,51.3678333],[-117.3280377,33.9735875]],
[[12.7380044,51.3678333],[-87.6233945,41.8395586]],
[[12.7380044,51.3678333],[-77.0299189,38.888218]],
[[12.7380044,51.3678333],[140.766513,-37.8061641]],
[[12.7380044,51.3678333],[11.3939434,47.2670027]],
[[12.7380044,51.3678333],[135.4555343,34.8035885]],
[[12.7380044,51.3678333],[114.1749414,22.3404302]],
[[12.7380044,51.3678333],[-39.8574973,-18.6729669]],
[[12.7380044,51.3678333],[-114.1286576,51.0784538]],
[[12.7380044,51.3678333],[-75.1914768,39.9558557]],
[[12.7380044,51.3678333],[-85.764605,42.244857]],
[[12.7380044,51.3678333],[-82.0887271,39.3294982]],
[[12.7380044,51.3678333],[-122.2218097,37.884425]],
[[12.7380044,51.3678333],[-3.3124514,55.9175654]],
[[12.7380044,51.3678333],[153.0304719,-27.4754837]],
[[12.7380044,51.3678333],[-82.492211,42.817231]],
[[12.7380044,51.3678333],[34.8062444,31.2651665]],
[[12.7380044,51.3678333],[-82.852669,40.209786]],
[[12.7380044,51.3678333],[11.9824212,57.6940864]],
[[12.7380044,51.3678333],[-80.85707,41.60702]],
[[12.7380044,51.3678333],[-84.4620589,42.735501]],
[[12.7380044,51.3678333],[-58.37306,-34.59972]],
[[12.7380044,51.3678333],[-76.7007908,39.9553563]],
[[12.7380044,51.3678333],[118.7782662,32.0610617]],
[[12.7380044,51.3678333],[-0.3629521,53.7728413]],
[[12.7380044,51.3678333],[-73.955705,40.7627243]],
[[12.7380044,51.3678333],[-79.9489337,40.4468365]],
[[12.7380044,51.3678333],[-78.9399586,36.0015821]],
[[12.7380044,51.3678333],[103.8294804,1.3758839]],
[[12.7380044,51.3678333],[-80.2719469,25.7197949]],
[[12.7380044,51.3678333],[-116.8335876,32.5879402]],
[[12.7380044,51.3678333],[-8.6290951,40.6660576]],
[[12.7380044,51.3678333],[-96.7434833,32.9945741]],
[[12.7380044,51.3678333],[7.7424569,47.5385865]],
[[12.7380044,51.3678333],[-75.1527268,39.9551657]],
[[12.7380044,51.3678333],[121.6175254,25.0454738]],
[[12.7380044,51.3678333],[-34.7959328,-7.0560889]],
[[12.7380044,51.3678333],[-72.9949036,40.966095]],
[[12.7380044,51.3678333],[-106.6057157,52.1419232]],
[[12.7380044,51.3678333],[-87.6692516,42.0687925]],
[[12.7380044,51.3678333],[121.1967519,24.9717322]],
[[12.7380044,51.3678333],[132.7123695,34.4020266]],
[[12.7380044,51.3678333],[0.9515806,51.8801279]],
[[12.7380044,51.3678333],[-84.5017257,38.0334242]],
[[12.7380044,51.3678333],[18.6187994,-33.9062299]],
[[12.7380044,51.3678333],[-71.804282,42.2768896]],
[[12.7380044,51.3678333],[-49.6647263,-26.7456093]],
[[12.7380044,51.3678333],[126.8414175,35.22701]],
[[12.7380044,51.3678333],[28.2321543,-25.7542058]],
[[12.7380044,51.3678333],[-0.233928,51.7548433]],
[[12.7380044,51.3678333],[6.0777186,50.7772676]],
[[12.7380044,51.3678333],[174.7680184,-41.2912989]],
[[12.7380044,51.3678333],[130.5460779,31.5716865]],
[[12.7380044,51.3678333],[-3.4698551,40.5635185]],
[[12.7380044,51.3678333],[32.7929837,39.907723]],
[[12.7380044,51.3678333],[-77.0474551,38.9046379]],
[[12.7380044,51.3678333],[10.4056559,63.4161723]],
[[12.7380044,51.3678333],[-0.1251998,51.5255568]],
[[12.7380044,51.3678333],[130.2237602,33.5992911]],
[[12.7380044,51.3678333],[-48.5039132,-27.5812744]],
[[12.7380044,51.3678333],[-76.8340579,39.0036636]],
[[12.7380044,51.3678333],[-73.1091395,40.9072698]],
[[12.7380044,51.3678333],[-2.7930437,56.3412484]],
[[12.7380044,51.3678333],[-4.236597,55.8643291]],
[[12.7380044,51.3678333],[130.7028609,32.8383289]],
[[12.7380044,51.3678333],[115.8218904,-31.9753067]],
[[12.7380044,51.3678333],[-71.0873836,42.3388452]],
[[12.7380044,51.3678333],[-73.9571123,40.8106295]],
[[12.7380044,51.3678333],[121.446005,31.0366062]],
[[12.7380044,51.3678333],[-71.3972319,41.830841]],
[[12.7380044,51.3678333],[142.3068141,43.7842989]],
[[12.7380044,51.3678333],[13.79342,45.65869]],
[[12.7380044,51.3678333],[-90.10736,39.9164]],
[[12.7380044,51.3678333],[-75.687132,45.4260056]],
[[12.7380044,51.3678333],[-77.20696,39.1423277]],
[[12.7380044,51.3678333],[-105.5780017,41.3124813]],
[[12.7380044,51.3678333],[-72.9893875,56.5526695]],
[[12.7380044,51.3678333],[-76.9422543,38.9857489]],
[[12.7380044,51.3678333],[-79.9100085,43.2689356]],
[[12.7380044,51.3678333],[101.6634568,3.1352819]],
[[12.7380044,51.3678333],[140.8737093,38.2531445]],
[[12.7380044,51.3678333],[-6.1806611,53.2973507]],
[[12.7380044,51.3678333],[-157.8111886,21.307713]],
[[12.7380044,51.3678333],[-72.9338118,41.3031848]],
[[12.7380044,51.3678333],[-3.7968864,43.4731718]],
[[12.7380044,51.3678333],[-89.5249732,34.3645708]],
[[12.7380044,51.3678333],[-90.3552984,38.6693739]],
[[12.7380044,51.3678333],[141.3477771,43.0889022]],
[[12.7380044,51.3678333],[-104.8386118,39.7446994]],
[[12.7380044,51.3678333],[-78.6612308,35.8066088]],
[[12.7380044,51.3678333],[-1.1814887,52.955437]],
[[12.7380044,51.3678333],[-95.3473358,44.7875748]],
[[12.7380044,51.3678333],[-73.9726347,40.7821521]],
[[12.7380044,51.3678333],[144.3644195,-38.0989687]],
[[12.7380044,51.3678333],[2.3462428,48.8492752]],
[[12.7380044,51.3678333],[-78.7959907,42.9990709]],
[[12.7380044,51.3678333],[-2.2661666,53.4943649]],
[[12.7380044,51.3678333],[-111.6501032,40.2522687]],
[[12.7380044,51.3678333],[-0.733852,43.3386612]],
[[12.7380044,51.3678333],[-78.9358984,36.0077115]],
[[12.7380044,51.3678333],[-94.9805527,30.2282391]],
[[12.7380044,51.3678333],[-81.7628549,38.3846219]],
[[12.7380044,51.3678333],[121.0717271,14.6488596]],
[[12.7380044,51.3678333],[5.0491812,51.5660969]],
[[12.7380044,51.3678333],[-94.00965,44.89204]],
[[12.7380044,51.3678333],[-73.94222,40.84139]],
[[12.7380044,51.3678333],[-79.9374931,40.4487517]],
[[12.7380044,51.3678333],[-80.1089742,26.8895109]],
[[12.7380044,51.3678333],[144.2998148,-38.2010823]],
[[12.7380044,51.3678333],[150.8836922,-34.4017626]],
[[12.7380044,51.3678333],[-1.3926128,50.8940039]],
[[12.7380044,51.3678333],[-76.9945655,38.9470847]],
[[12.7380044,51.3678333],[1.2409636,52.6222071]],
[[12.7380044,51.3678333],[-81.6214832,30.3202398]],
[[12.7380044,51.3678333],[-95.3349753,29.7278816]],
[[12.7380044,51.3678333],[30.2915077,59.9385902]],
[[12.7380044,51.3678333],[2.252197,41.4929543]],
[[12.7380044,51.3678333],[-74.4448729,40.506266]],
[[12.7380044,51.3678333],[151.7715189,-32.9276079]],
[[12.7380044,51.3678333],[4.3232655,50.8423659]],
[[12.7380044,51.3678333],[-88.827957,41.892396]],
[[12.7380044,51.3678333],[117.1729316,39.1131784]],
[[12.7380044,51.3678333],[-123.3003288,48.470797]],
[[12.7380044,51.3678333],[-86.2506879,41.6846189]],
[[12.7380044,51.3678333],[-82.339459,29.6519717]],
[[12.7380044,51.3678333],[41.6306896,41.6436945]],
[[12.7380044,51.3678333],[17.0639411,51.108574]],
[[12.7380044,51.3678333],[-5.796833,54.6847229]],
[[12.7380044,51.3678333],[0.1332775,52.176315]],
[[12.7380044,51.3678333],[28.0332527,-26.1837139]],
[[12.7380044,51.3678333],[-75.7539683,39.6810828]],
[[12.7380044,51.3678333],[19.9094725,50.0310328]],
[[12.7380044,51.3678333],[-75.1902959,39.9500785]],
[[12.7380044,51.3678333],[-8.4254729,40.2078339]],
[[12.7380044,51.3678333],[114.3694147,30.5501222]],
[[12.7380044,51.3678333],[-0.1274396,51.5228397]],
[[12.7380044,51.3678333],[137.1901416,36.701595]],
[[12.7380044,51.3678333],[12.530617,48.1832659]],
[[12.7380044,51.3678333],[-73.97037,40.7481]],
[[12.7380044,51.3678333],[11.3559467,44.4948202]],
[[12.7380044,51.3678333],[1.530014,43.6733437]],
[[12.7380044,51.3678333],[-1.1206706,52.6259572]],
[[12.7380044,51.3678333],[-90.3062311,38.6483039]],
[[12.7380044,51.3678333],[-9.0578205,53.2770459]],
[[12.7380044,51.3678333],[-79.3875172,43.6686165]],
[[12.7380044,51.3678333],[16.9213486,41.1500626]],
[[12.7380044,51.3678333],[-105.0000447,39.7477406]],
[[12.7380044,51.3678333],[-111.8121808,41.7412004]],
[[12.7380044,51.3678333],[145.1451841,-37.9048661]],
[[12.7380044,51.3678333],[-0.289592,39.5349312]],
[[12.7380044,51.3678333],[116.2465345,39.9141076]],
[[12.7380044,51.3678333],[15.6307983,38.2427635]],
[[12.7380044,51.3678333],[-95.3941324,29.7112828]],
[[12.7380044,51.3678333],[-122.1754332,37.4589533]],
[[12.7380044,51.3678333],[4.614851,50.669874]],
[[12.7380044,51.3678333],[5.1508615,52.084955]],
[[12.7380044,51.3678333],[103.7375611,36.1013906]],
[[12.7380044,51.3678333],[-4.7172343,41.6548577]],
[[12.7380044,51.3678333],[23.7306369,37.9909136]],
[[12.7380044,51.3678333],[4.8576017,46.7775176]],
[[12.7380044,51.3678333],[-78.59156,40.28082]],
[[12.7380044,51.3678333],[1.9574357,47.943307]],
[[12.7380044,51.3678333],[-71.0566788,42.4137459]],
[[12.7380044,51.3678333],[-123.0607923,44.0494378]],
[[12.7380044,51.3678333],[-0.9589876,51.4512278]],
[[12.7380044,51.3678333],[-83.3708599,33.953376]],
[[12.7380044,51.3678333],[-111.9090843,33.4329904]],
[[12.7380044,51.3678333],[-77.0166725,38.9274783]],
[[12.7380044,51.3678333],[27.0742685,38.3937977]],
[[12.7380044,51.3678333],[-87.6666783,41.8751251]],
[[12.7380044,51.3678333],[7.8579941,48.6754494]],
[[12.7380044,51.3678333],[116.3591905,39.9920964]],
[[12.7380044,51.3678333],[106.3327179,38.4922523]],
[[12.7380044,51.3678333],[-93.6296415,42.0029437]],
[[12.7380044,51.3678333],[120.2243887,23.003626]],
[[12.7380044,51.3678333],[113.2510933,23.1132377]],
[[12.7380044,51.3678333],[-0.947957,41.3097229]],
[[12.7380044,51.3678333],[32.7410835,39.876256]],
[[12.7380044,51.3678333],[-122.9028781,49.2812994]],
[[12.7380044,51.3678333],[100.5339618,13.7648728]],
[[12.7380044,51.3678333],[-80.3682477,25.7610918]],
[[12.7380044,51.3678333],[-117.2183641,32.8916089]],
[[12.7380044,51.3678333],[27.1935807,39.1097707]],
[[12.7380044,51.3678333],[35.244773,31.7919055]],
[[12.7380044,51.3678333],[-10.0,16.5]],
[[12.7380044,51.3678333],[130.3673222,33.5512535]],
[[12.7380044,51.3678333],[-86.8439233,21.1358748]],
[[12.7380044,51.3678333],[21.4981348,61.132187]],
[[12.7380044,51.3678333],[136.9742933,35.1577474]],
[[12.7380044,51.3678333],[46.6194747,24.717304]],
[[12.7380044,51.3678333],[-122.0620579,37.4174756]],
[[12.7380044,51.3678333],[5.66401,51.98507]],
[[12.7380044,51.3678333],[-1.5603751,52.3793631]],
[[12.7380044,51.3678333],[-93.361267,39.967628]],
[[12.7380044,51.3678333],[-101.8740588,33.6068003]],
[[12.7380044,51.3678333],[25.7443053,62.2303126]],
[[12.7380044,51.3678333],[-5.7893648,43.4023018]],
[[12.7380044,51.3678333],[-84.3240412,33.8008471]],
[[12.7380044,51.3678333],[-111.8394709,40.7628425]],
[[12.7380044,51.3678333],[5.731472,50.6924324]],
[[12.7380044,51.3678333],[-118.4374008,34.078146]],
[[12.7380044,51.3678333],[-84.2884573,30.449068]],
[[12.7380044,51.3678333],[-73.6126818,45.5085379]],
[[12.7380044,51.3678333],[126.9432361,37.5721074]],
[[12.7380044,51.3678333],[-87.5962878,41.7860023]],
[[12.7380044,51.3678333],[116.370288,40.0045295]],
[[12.7380044,51.3678333],[-72.8484664,40.8931456]],
[[12.7380044,51.3678333],[-98.260025,29.699749]],
[[12.7380044,51.3678333],[-66.4212799,-17.5064754]],
[[12.7380044,51.3678333],[-75.3229383,6.3100356]],
[[12.7380044,51.3678333],[-97.1668496,49.7976589]],
[[12.7380044,51.3678333],[-74.1727862,40.3641606]],
[[12.7380044,51.3678333],[-79.492979,43.7812886]],
[[12.7380044,51.3678333],[34.9959059,32.7784744]],
[[12.7380044,51.3678333],[-73.1775016,44.485538]],
[[12.7380044,51.3678333],[5.4990836,51.4523041]],
[[12.7380044,51.3678333],[-65.8802139,18.3861975]],
[[12.7380044,51.3678333],[116.3153474,39.9982853]],
[[12.7380044,51.3678333],[106.3418361,29.6506838]],
[[12.7380044,51.3678333],[151.2584565,-33.7795439]],
[[12.7380044,51.3678333],[-83.056993,42.3544513]],
[[12.7380044,51.3678333],[-97.7388439,30.266092]],
[[12.7380044,51.3678333],[131.4667096,34.1468131]],
[[12.7380044,51.3678333],[-106.6132468,35.0911457]],
[[12.7380044,51.3678333],[139.9407354,35.9053633]],
[[12.7380044,51.3678333],[-73.9934041,40.73286]],
[[12.7380044,51.3678333],[-93.6401261,41.5519156]],
[[12.7380044,51.3678333],[-2.0073525,43.3138068]],
[[12.7380044,51.3678333],[-3.1774647,51.4893653]],
[[12.7380044,51.3678333],[16.8575181,52.3953293]],
[[12.7380044,51.3678333],[80.23295,12.991]],
[[12.7380044,51.3678333],[-74.1762877,40.7446388]],
[[12.7380044,51.3678333],[-90.0835068,46.4949475]],
[[12.7380044,51.3678333],[-0.1285332,51.5192636]],
[[12.7380044,51.3678333],[-81.1866304,28.6118646]],
[[12.7380044,51.3678333],[-79.9470542,32.7844309]],
[[12.7380044,51.3678333],[6.1141976,49.624416]],
[[12.7380044,51.3678333],[-7.2324139,55.0449684]],
[[12.7380044,51.3678333],[-5.9279191,54.6055484]],
[[12.7380044,51.3678333],[-117.8219357,33.654776]],
[[12.7380044,51.3678333],[31.2878681,30.0787727]],
[[12.7380044,51.3678333],[-94.12752,43.760672]],
[[12.7380044,51.3678333],[-1.3081623,51.576052]],
[[12.7380044,51.3678333],[-52.7257477,47.5778695]],
[[12.7380044,51.3678333],[-76.4909958,44.2241333]],
[[12.7380044,51.3678333],[19.059641,47.4832668]],
[[12.7380044,51.3678333],[139.5450151,35.6596101]],
[[12.7380044,51.3678333],[9.9898641,57.0186851]],
[[12.7380044,51.3678333],[135.5038778,34.5935972]],
[[12.7380044,51.3678333],[121.5070918,31.2894081]],
[[12.7380044,51.3678333],[-109.9139999,27.4376667]],
[[12.7380044,51.3678333],[139.7659123,35.7027106]],
[[12.7380044,51.3678333],[-76.298255,36.868371]],
[[12.7380044,51.3678333],[-80.2786118,25.7195957]],
[[12.7380044,51.3678333],[138.6067396,-34.9169695]],
[[12.7380044,51.3678333],[-78.5034821,38.0354182]],
[[12.7380044,51.3678333],[-73.7784691,42.6545446]],
[[12.7380044,51.3678333],[8.6583986,49.8769831]],
[[12.7380044,51.3678333],[15.4668758,47.0696977]],
[[12.7380044,51.3678333],[-74.185599,40.741331]],
[[12.7380044,51.3678333],[10.720713,59.9413272]],
[[12.7380044,51.3678333],[-92.4668486,44.0212254]],
[[12.7380044,51.3678333],[-43.22884,-22.86285]],
[[12.7380044,51.3678333],[-71.1104567,42.3838746]],
[[12.7380044,51.3678333],[-87.5287045,33.1936683]],
[[12.7380044,51.3678333],[11.5081778,47.3246269]],
[[12.7380044,51.3678333],[34.8227133,31.9128103]],
[[12.7380044,51.3678333],[-46.36499,-23.39566]],
[[12.7380044,51.3678333],[139.9105311,35.9194641]],
[[12.7380044,51.3678333],[-110.94594,32.2405]],
[[12.7380044,51.3678333],[-1.6083557,54.9835312]],
[[12.7380044,51.3678333],[-97.5059008,35.4779618]],
[[12.7380044,51.3678333],[-0.4219087,39.5173983]],
[[12.7380044,51.3678333],[-118.1213812,34.1417388]],
[[12.7380044,51.3678333],[2.4801631,8.254982]],
[[12.7380044,51.3678333],[12.4395972,41.9307595]],
[[12.7380044,51.3678333],[-85.7526949,38.2204261]],
[[12.7380044,51.3678333],[-2.7810559,54.0160361]],
[[12.7380044,51.3678333],[11.1163733,46.0662779]],
[[12.7380044,51.3678333],[-87.63391,41.8805958]],
[[12.7380044,51.3678333],[-93.361267,39.967628]],
[[12.7380044,51.3678333],[-3.9748977,51.6115399]],
[[12.7380044,51.3678333],[-0.1142124,51.5159343]],
[[12.7380044,51.3678333],[20.1466724,46.2502233]],
[[12.7380044,51.3678333],[-99.0706381,19.3660844]],
[[12.7380044,51.3678333],[-3.9189648,56.1465761]],
[[12.7380044,51.3678333],[-86.796452,33.5087222]],
[[12.7380044,51.3678333],[-75.699524,45.3820703]],
[[12.7380044,51.3678333],[-74.7692184,40.1359558]],
[[12.7380044,51.3678333],[34.807396,32.1176907]],
[[12.7380044,51.3678333],[-71.7586203,42.2822458]],
[[12.7380044,51.3678333],[-94.008393,44.2689]],
[[12.7380044,51.3678333],[1.0741169,51.3013948]],
[[12.7380044,51.3678333],[151.1231406,-33.7724153]],
[[12.7380044,51.3678333],[-76.623719,39.2871849]],
[[12.7380044,51.3678333],[114.2104691,22.4141326]],
[[12.7380044,51.3678333],[-88.7635622,41.9373363]],
[[12.7380044,51.3678333],[144.9585796,-37.7970965]],
[[12.7380044,51.3678333],[170.5229494,-45.862458]],
[[12.7380044,51.3678333],[-80.4096569,37.2347283]],
[[12.7380044,51.3678333],[-76.1123267,43.0469355]],
[[12.7380044,51.3678333],[7.5748098,47.5765479]],
[[12.7380044,51.3678333],[22.9620002,40.6342033]],
[[12.7380044,51.3678333],[103.7854631,1.3027873]],
[[12.7380044,51.3678333],[-63.5867207,44.6389525]],
[[12.7380044,51.3678333],[73.8288056,18.5626543]],
[[12.7380044,51.3678333],[-93.361267,39.967628]],
[[12.7380044,51.3678333],[-111.6339978,35.214584]],
[[12.7380044,51.3678333],[110.3931787,-7.773793]],
[[12.7380044,51.3678333],[-0.6745832,51.3768761]],
[[12.7380044,51.3678333],[-105.0798692,40.5611705]],
[[12.7380044,51.3678333],[6.0593155,46.2391497]],
[[12.7380044,51.3678333],[-1.9189703,52.4652158]],
[[12.7380044,51.3678333],[118.8584787,32.0386719]],
[[12.7380044,51.3678333],[-111.052953,45.6697025]],
[[12.7380044,51.3678333],[-121.7315726,38.5462214]],
[[12.7380044,51.3678333],[3.7110629,51.0081673]],
[[12.7380044,51.3678333],[-84.3817146,33.7533894]],
[[12.7380044,51.3678333],[-95.2477002,38.958108]],
[[12.7380044,51.3678333],[-117.0633128,32.7792936]],
[[12.7380044,51.3678333],[153.020611,-27.4915542]],
[[12.7380044,51.3678333],[151.1951565,-33.8847761]],
[[12.7380044,51.3678333],[-3.5238554,50.7418314]],
[[12.7380044,51.3678333],[-97.7042253,30.4255647]],
[[12.7380044,51.3678333],[-74.16667,18.3]],
[[12.7380044,51.3678333],[174.7773716,-41.2992631]],
[[12.7380044,51.3678333],[103.6900511,1.3569054]],
[[12.7380044,51.3678333],[14.2002256,40.9854213]],
[[12.7380044,51.3678333],[-9.1366704,38.7381202]],
[[12.7380044,51.3678333],[-71.0817241,42.3628704]],
[[12.7380044,51.3678333],[20.8477074,39.6214203]],
[[12.7380044,51.3678333],[-96.8399419,32.812278]],
[[12.7380044,51.3678333],[-71.9210816,45.3835638]],
[[12.7380044,51.3678333],[-0.0371712,51.5269647]],
[[12.7380044,51.3678333],[-77.4648876,39.0713997]],
[[12.7380044,51.3678333],[-95.3938884,29.7226597]],
[[12.7380044,51.3678333],[-117.0112763,46.7257206]],
[[12.7380044,51.3678333],[35.0301273,32.7817462]],
[[12.7380044,51.3678333],[127.0327218,37.5892045]],
[[12.7380044,51.3678333],[-118.2801178,34.0254826]],
[[12.7380044,51.3678333],[-71.467251,42.9940244]],
[[12.7380044,51.3678333],[132.78192,33.9752563]],
[[12.7380044,51.3678333],[-8.5934198,41.1802346]],
[[12.7380044,51.3678333],[-91.1662921,30.4217568]],
[[12.7380044,51.3678333],[21.0175823,52.1714709]],
[[12.7380044,51.3678333],[121.0023582,24.790985]],
[[12.7380044,51.3678333],[14.4181596,50.0765775]],
[[12.7380044,51.3678333],[-92.3258378,38.944688]],
[[12.7380044,51.3678333],[77.5726914,13.0299631]],
[[12.7380044,51.3678333],[83.0044218,25.2806292]],
[[12.7380044,51.3678333],[-47.000885,-22.8138409]],
[[12.7380044,51.3678333],[14.4693897,46.0505322]],
[[12.7380044,51.3678333],[-81.601968,41.515859]],
[[12.7380044,51.3678333],[18.0730117,59.347217]],
[[12.7380044,51.3678333],[10.2131751,56.1739612]],
[[12.7380044,51.3678333],[-16.686468,13.4767547]],
[[12.7380044,51.3678333],[103.6369564,1.5577649]],
[[12.7380044,51.3678333],[12.5135132,41.9008195]],
[[12.7380044,51.3678333],[-86.9091505,40.4517096]],
[[12.7380044,51.3678333],[19.9239435,50.0685382]],
[[12.7380044,51.3678333],[-97.4623172,35.237578]],
[[12.7380044,51.3678333],[-58.8021999,-38.4680999]],
[[12.7380044,51.3678333],[-43.9557773,-19.8601668]],
[[12.7380044,51.3678333],[-0.0809254,50.8737286]],
[[12.7380044,51.3678333],[31.7295089,68.2228767]],
[[12.7380044,51.3678333],[-66.4212799,-17.5064754]],
[[12.7380044,51.3678333],[-0.6216949,52.0753955]],
[[12.7380044,51.3678333],[-88.2096284,40.1164187]],
[[12.7380044,51.3678333],[121.3934369,25.0319665]],
[[12.7380044,51.3678333],[101.7315993,3.0111705]],
[[12.7380044,51.3678333],[-71.0715652,42.3356729]],
[[12.7380044,51.3678333],[-1.4770905,53.3844867]],
[[12.7380044,51.3678333],[-79.3400239,43.7239871]],
[[12.7380044,51.3678333],[-2.101715,57.16413]],
[[12.7380044,51.3678333],[-77.5875656,43.1581629]],
[[12.7380044,51.3678333],[-84.2931905,35.938363]],
[[12.7380044,51.3678333],[-86.228657,41.7160693]],
[[12.7380044,51.3678333],[15.9719625,45.8126622]],
[[12.7380044,51.3678333],[28.9440048,41.006801]],
[[12.7380044,51.3678333],[6.14239,46.19954]],
[[12.7380044,51.3678333],[-71.0688284,42.361422]],
[[12.7380044,51.3678333],[-96.3235645,30.6332765]],
[[12.7380044,51.3678333],[112.9913104,28.1920791]],
[[12.7380044,51.3678333],[137.7174791,34.7268564]],
[[12.7380044,51.3678333],[17.1048407,48.1473684]],
[[12.7380044,51.3678333],[-77.100851,38.8849903]],
[[12.7380044,51.3678333],[-77.0473188,38.8933764]],
[[12.7380044,51.3678333],[-82.4017941,28.0690517]],
[[12.7380044,51.3678333],[114.2132385,22.4285692]],
[[12.7380044,51.3678333],[121.2625551,14.1509607]],
[[12.7380044,51.3678333],[25.4702258,65.0617918]],
[[12.7380044,51.3678333],[-118.3797924,34.0759155]],
[[12.7380044,51.3678333],[-89.6268004,21.0219221]],
[[12.7380044,51.3678333],[34.4423131,31.515334]],
[[12.7380044,51.3678333],[-90.114292,29.948289]],
[[12.7380044,51.3678333],[76.8805314,28.5088966]],
[[12.7380044,51.3678333],[-81.97981,33.473714]],
[[12.7380044,51.3678333],[37.6130966,55.7571509]],
[[12.7380044,51.3678333],[140.1248398,36.0762156]],
[[12.7380044,51.3678333],[145.0470901,-37.8758633]],
[[12.7380044,51.3678333],[144.9719117,-37.8133926]],
[[12.7380044,51.3678333],[-71.1702774,42.3353416]],
[[12.7380044,51.3678333],[-96.7936018,46.904817]],
[[12.7380044,51.3678333],[-2.25335,53.0097723]],
[[12.7380044,51.3678333],[-3.4698551,40.5635185]],
[[12.7380044,51.3678333],[-77.0174978,38.8286606]],
[[12.7380044,51.3678333],[-66.0547448,18.4233018]],
[[12.7380044,51.3678333],[5.7461456,45.1580831]],
[[12.7380044,51.3678333],[-86.5194297,39.1694811]],
[[12.7380044,51.3678333],[-77.0969437,39.0061879]],
[[12.7380044,51.3678333],[-87.645083,41.8753129]],
[[12.7380044,51.3678333],[-73.56055,45.51227]],
[[12.7380044,51.3678333],[-81.319661,41.1536842]],
[[12.7380044,51.3678333],[-92.45539,39.9959]],
[[12.7380044,51.3678333],[21.8347263,47.6325455]],
[[12.7380044,51.3678333],[-4.0723927,52.1154154]],
[[12.7380044,51.3678333],[-9.0487862,38.8252754]],
[[12.7380044,51.3678333],[-122.3727599,47.6304277]],
[[12.7380044,51.3678333],[2.3458135,48.8425254]],
[[12.7380044,51.3678333],[-79.4191638,43.6446887]],
[[12.7380044,51.3678333],[2.2745213,48.8710747]],
[[12.7380044,51.3678333],[117.2676538,31.8436188]],
[[12.7380044,51.3678333],[11.6703119,44.8694954]],
[[12.7380044,51.3678333],[-119.8385188,34.4230161]],
[[12.7380044,51.3678333],[-121.6968689,37.6956163]],
[[12.7380044,51.3678333],[4.8999019,61.0476494]],
[[12.7380044,51.3678333],[-112.0633516,33.4522701]],
[[12.7380044,51.3678333],[-74.6628628,40.3484807]],
[[12.7380044,51.3678333],[-0.5831894,51.2455747]],
[[12.7380044,51.3678333],[-76.298255,36.868371]],
[[12.7380044,51.3678333],[-91.5548795,41.6421937]],
[[12.7380044,51.3678333],[-81.16568,39.83651]],
[[12.7380044,51.3678333],[-75.180909,39.95563]],
[[12.7380044,51.3678333],[32.6217853,0.3310773]],
[[12.7380044,51.3678333],[133.9222772,34.6893893]],
[[12.7380044,51.3678333],[-2.3251831,51.3791942]],
[[12.7380044,51.3678333],[116.2842401,40.029768]],
[[12.7380044,51.3678333],[144.9660518,-37.8048716]],
[[12.7380044,51.3678333],[-122.6205646,45.7383518]],
[[12.7380044,51.3678333],[-71.0950187,42.3486813]],
[[12.7380044,51.3678333],[-77.4452845,37.5545046]],
[[12.7380044,51.3678333],[126.8166077,37.4899295]],
[[12.7380044,51.3678333],[-76.298255,36.868371]],
[[12.7380044,51.3678333],[-113.5150512,53.5307049]],
[[12.7380044,51.3678333],[-76.298255,36.868371]],
[[12.7380044,51.3678333],[3.3837891,42.8518677]],
[[12.7380044,51.3678333],[140.3517059,38.2483264]],
[[12.7380044,51.3678333],[106.3327179,38.4922523]],
[[12.7380044,51.3678333],[23.7825476,61.4959937]],
[[12.7380044,51.3678333],[-122.6778865,45.5198941]],
[[12.7380044,51.3678333],[11.9274607,45.4392586]],
[[12.7380044,51.3678333],[35.0248677,32.7658115]],
[[12.7380044,51.3678333],[-83.3747612,33.9510527]],
[[12.7380044,51.3678333],[-73.5727281,45.5124158]],
[[12.7380044,51.3678333],[-87.1113358,37.7689874]],
[[12.7380044,51.3678333],[139.7641345,35.6985674]],
[[12.7380044,51.3678333],[-84.8748559,39.872381]],
[[12.7380044,51.3678333],[-83.6052304,41.6630845]],
[[12.7380044,51.3678333],[-97.1161321,49.8163993]],
[[12.7380044,51.3678333],[100.5383395,13.7444053]],
[[12.7380044,51.3678333],[-95.9704849,41.2596681]],
[[12.7380044,51.3678333],[-122.069169,37.4166522]],
[[12.7380044,51.3678333],[-0.2291149,5.5380885]],
[[12.7380044,51.3678333],[120.67352,24.1452299]],
[[12.7380044,51.3678333],[-97.1149665,32.731205]],
[[12.7380044,51.3678333],[-72.2925408,43.7048427]],
[[12.7380044,51.3678333],[8.4907578,52.0369388]],
[[12.7380044,51.3678333],[31.2013209,30.0262496]],
[[12.7380044,51.3678333],[134.559031,34.0788568]],
[[12.7380044,51.3678333],[-99.1723218,19.336812]],
[[12.7380044,51.3678333],[122.0609419,37.539235]],
[[12.7380044,51.3678333],[-86.2363434,41.6928]],
[[12.7380044,51.3678333],[139.6197807,35.3345853]],
[[12.7380044,51.3678333],[7.65833,45.06455]],
[[12.7380044,51.3678333],[-80.2074053,43.5451807]],
[[12.7380044,51.3678333],[127.0447598,37.5551757]],
[[12.7380044,51.3678333],[-104.7995501,38.8924461]],
[[12.7380044,51.3678333],[80.2354519,13.0108225]],
[[12.7380044,51.3678333],[139.6778306,35.6453867]],
[[12.7380044,51.3678333],[0.373535,38.9796944]]];


