var coauthorships7 = [[[12.7380044,51.3678333],[19.0469539,47.5015312]],
[[12.7380044,51.3678333],[7.6285142,51.9698574]],
[[12.7380044,51.3678333],[17.63149,59.85519]],
[[12.7380044,51.3678333],[7.9049201,48.0288544]],
[[12.7380044,51.3678333],[14.4167715,50.0892412]],
[[12.7380044,51.3678333],[8.5488256,47.3771753]],
[[12.7380044,51.3678333],[-0.1340913,51.5259105]],
[[12.7380044,51.3678333],[4.7019362,50.8832052]],
[[12.7380044,51.3678333],[12.5733745,55.6807821]],
[[12.7380044,51.3678333],[7.7679908,48.5814387]],
[[12.7380044,51.3678333],[-58.74944,-34.6027937]],
[[12.7380044,51.3678333],[8.8676095,53.1144974]],
[[12.7380044,51.3678333],[7.2695593,51.4483963]],
[[12.7380044,51.3678333],[9.9710579,49.8196831]],
[[12.7380044,51.3678333],[-96.7071109,40.8201618]],
[[12.7380044,51.3678333],[-122.2865937,47.6612001]],
[[12.7380044,51.3678333],[-75.92876,41.20123]],
[[12.7380044,51.3678333],[18.0311158,59.3515953]],
[[12.7380044,51.3678333],[9.98389,53.5669]],
[[12.7380044,51.3678333],[-97.721796,30.3973701]],
[[12.7380044,51.3678333],[-83.16261,41.1171562]],
[[12.7380044,51.3678333],[-2.2262753,53.4716848]],
[[12.7380044,51.3678333],[-71.1020442,42.3391784]],
[[12.7380044,51.3678333],[23.2674265,42.670711]],
[[12.7380044,51.3678333],[6.7866599,51.4308171]],
[[12.7380044,51.3678333],[5.088644,52.4585648]],
[[12.7380044,51.3678333],[-83.6709317,42.3125148]],
[[12.7380044,51.3678333],[-93.2365192,44.973336]],
[[12.7380044,51.3678333],[-80.2664805,36.0905529]],
[[12.7380044,51.3678333],[-92.46595,44.0224239]],
[[12.7380044,51.3678333],[12.133532,54.0883736]],
[[12.7380044,51.3678333],[2.1649567,41.3878668]],
[[12.7380044,51.3678333],[2.4801631,8.254982]],
[[12.7380044,51.3678333],[9.0841265,48.5526352]],
[[12.7380044,51.3678333],[31.231031,30.0241126]],
[[12.7380044,51.3678333],[7.4386409,46.9522996]],
[[12.7380044,51.3678333],[4.4856292,52.1575987]],
[[12.7380044,51.3678333],[12.1429987,49.0417938]],
[[12.7380044,51.3678333],[8.2798774,49.997447]],
[[12.7380044,51.3678333],[-110.94594,32.2405]],
[[12.7380044,51.3678333],[9.3679895,48.8968582]],
[[12.7380044,51.3678333],[30.3011643,59.9432706]],
[[12.7380044,51.3678333],[-93.361267,39.967628]],
[[12.7380044,51.3678333],[0.108564,52.205687]],
[[12.7380044,51.3678333],[-1.2545588,51.75786]],
[[12.7380044,51.3678333],[-81.6125679,41.5056318]],
[[12.7380044,51.3678333],[19.2783451,51.4849091]],
[[12.7380044,51.3678333],[6.79417,51.1903]],
[[12.7380044,51.3678333],[0.336112,51.7202301]],
[[12.7380044,51.3678333],[13.1902511,55.7040071]],
[[12.7380044,51.3678333],[-73.9560617,40.7640749]],
[[12.7380044,51.3678333],[-92.058884,32.539734]],
[[12.7380044,51.3678333],[6.4232242,50.9108523]],
[[12.7380044,51.3678333],[-122.3282523,47.629411]],
[[12.7380044,51.3678333],[6.9915192,50.936379]],
[[12.7380044,51.3678333],[4.89017,52.3688]],
[[12.7380044,51.3678333],[11.6304007,50.9599419]],
[[12.7380044,51.3678333],[13.9248276,51.0569113]],
[[12.7380044,51.3678333],[10.4117143,63.4199548]],
[[12.7380044,51.3678333],[-46.7124955,-23.5493924]],
[[12.7380044,51.3678333],[136.9370088,35.140502]],
[[12.7380044,51.3678333],[-2.9616777,53.4062464]],
[[12.7380044,51.3678333],[-74.9171448,39.8158798]],
[[12.7380044,51.3678333],[10.1825515,54.3356426]],
[[12.7380044,51.3678333],[-0.1742745,51.5005047]],
[[12.7380044,51.3678333],[6.5637798,53.2204765]],
[[12.7380044,51.3678333],[36.8241651,-1.2913078]],
[[12.7380044,51.3678333],[7.7123002,48.6046787]],
[[12.7380044,51.3678333],[10.0150461,48.4323616]],
[[12.7380044,51.3678333],[-122.4559333,37.7648722]],
[[12.7380044,51.3678333],[9.9330581,51.5287719]],
[[12.7380044,51.3678333],[14.3123594,48.302608]],
[[12.7380044,51.3678333],[6.0706367,50.7768129]],
[[12.7380044,51.3678333],[9.769208,52.3563646]],
[[12.7380044,51.3678333],[11.6521292,52.1418259]],
[[12.7380044,51.3678333],[-122.1520381,37.4433992]],
[[12.7380044,51.3678333],[8.7045298,50.6035385]],
[[12.7380044,51.3678333],[-3.1789046,55.9511987]],
[[12.7380044,51.3678333],[23.734554,37.9813045]],
[[12.7380044,51.3678333],[7.0468998,49.2584581]],
[[12.7380044,51.3678333],[-1.5513552,53.804323]],
[[12.7380044,51.3678333],[8.4346999,49.0246986]],
[[12.7380044,51.3678333],[4.4875001,51.922892]],
[[12.7380044,51.3678333],[-96.127601,39.464618]],
[[12.7380044,51.3678333],[16.3612496,48.2139265]],
[[12.7380044,51.3678333],[8.5490818,47.3754072]],
[[12.7380044,51.3678333],[5.8767063,51.8265207]],
[[12.7380044,51.3678333],[11.609458,49.9691505]],
[[12.7380044,51.3678333],[-0.1530862,51.5368322]],
[[12.7380044,51.3678333],[30.3060431,59.9431026]],
[[12.7380044,51.3678333],[8.8493576,50.2427025]],
[[12.7380044,51.3678333],[21.0189131,52.2378009]],
[[12.7380044,51.3678333],[135.780001,35.0234727]],
[[12.7380044,51.3678333],[21.7886969,38.2899982]],
[[12.7380044,51.3678333],[-86.7945138,36.1514935]],
[[12.7380044,51.3678333],[13.3948782,52.5200851]],
[[12.7380044,51.3678333],[-74.9171448,39.8158798]],
[[12.7380044,51.3678333],[24.9535858,60.1777676]],
[[12.7380044,51.3678333],[-0.1309167,51.5263952]],
[[12.7380044,51.3678333],[11.3236637,49.5730438]],
[[12.7380044,51.3678333],[37.1975434,56.7440741]],
[[12.7380044,51.3678333],[7.58403,47.55832]]];


