var coauthorships7 = [[[12.7380044,51.3678333],[7.6285142,51.9698574]],
[[12.7380044,51.3678333],[7.9049201,48.0288544]],
[[12.7380044,51.3678333],[8.8676095,53.1144974]],
[[12.7380044,51.3678333],[7.2695593,51.4483963]],
[[12.7380044,51.3678333],[9.9710579,49.8196831]],
[[12.7380044,51.3678333],[9.98389,53.5669]],
[[12.7380044,51.3678333],[6.7866599,51.4308171]],
[[12.7380044,51.3678333],[12.133532,54.0883736]],
[[12.7380044,51.3678333],[9.0841265,48.5526352]],
[[12.7380044,51.3678333],[12.1429987,49.0417938]],
[[12.7380044,51.3678333],[8.2798774,49.997447]],
[[12.7380044,51.3678333],[9.3679895,48.8968582]],
[[12.7380044,51.3678333],[6.79417,51.1903]],
[[12.7380044,51.3678333],[6.4232242,50.9108523]],
[[12.7380044,51.3678333],[6.9915192,50.936379]],
[[12.7380044,51.3678333],[11.6304007,50.9599419]],
[[12.7380044,51.3678333],[13.9248276,51.0569113]],
[[12.7380044,51.3678333],[10.1825515,54.3356426]],
[[12.7380044,51.3678333],[10.0150461,48.4323616]],
[[12.7380044,51.3678333],[9.9330581,51.5287719]],
[[12.7380044,51.3678333],[6.0706367,50.7768129]],
[[12.7380044,51.3678333],[9.769208,52.3563646]],
[[12.7380044,51.3678333],[11.6521292,52.1418259]],
[[12.7380044,51.3678333],[8.7045298,50.6035385]],
[[12.7380044,51.3678333],[7.0468998,49.2584581]],
[[12.7380044,51.3678333],[8.4346999,49.0246986]],
[[12.7380044,51.3678333],[11.609458,49.9691505]],
[[12.7380044,51.3678333],[8.8493576,50.2427025]],
[[12.7380044,51.3678333],[13.3948782,52.5200851]],
[[12.7380044,51.3678333],[11.3236637,49.5730438]]];


