var coauthorships7 = [[[-1.5603751,52.3793631],[0.336112,51.7202301]],
[[-2.2262753,53.4716848],[-4.0723927,52.1154154]],
[[-1.4770905,53.3844867],[-0.1256987,51.5258807]],
[[-0.5831894,51.2455747],[-0.9589876,51.4512278]],
[[-1.5729573,54.7735525],[-2.7810559,54.0160361]],
[[-2.101715,57.16413],[-1.3926128,50.8940039]],
[[-2.3251831,51.3791942],[-1.3081623,51.576052]],
[[-3.5238554,50.7418314],[-2.25335,53.0097723]],
[[-5.796833,54.6847229],[-0.0371712,51.5269647]],
[[-2.101715,57.16413],[1.2409636,52.6222071]],
[[-2.9616777,53.4062464],[-0.1274396,51.5228397]],
[[-1.6083557,54.9835312],[-1.5603751,52.3793631]],
[[-1.765276,53.7931106],[-2.2262753,53.4716848]],
[[-2.9761309,56.4598773],[-2.9616777,53.4062464]],
[[-1.9189703,52.4652158],[-0.1256987,51.5258807]],
[[-0.1285332,51.5192636],[-0.1340913,51.5259105]],
[[-1.0130483,53.9531737],[-2.9761309,56.4598773]],
[[-0.1742745,51.5005047],[1.2409636,52.6222071]],
[[-1.2545588,51.75786],[-2.25335,53.0097723]],
[[0.108564,52.205687],[-2.25335,53.0097723]],
[[-1.5729573,54.7735525],[-3.9748977,51.6115399]],
[[-4.236597,55.8643291],[-0.0371712,51.5269647]],
[[-2.7810559,54.0160361],[-2.7930437,56.3412484]],
[[-0.1309167,51.5263952],[-3.9748977,51.6115399]],
[[-0.0371712,51.5269647],[-0.233928,51.7548433]],
[[-2.9616777,53.4062464],[-1.1206706,52.6259572]],
[[-2.2262753,53.4716848],[-0.5831894,51.2455747]],
[[-0.0371712,51.5269647],[-3.1789046,55.9511987]],
[[-1.5603751,52.3793631],[-0.9589876,51.4512278]],
[[-1.2186814,52.7703862],[0.336112,51.7202301]],
[[-2.6092402,51.458805],[-0.3629521,53.7728413]],
[[0.336112,51.7202301],[-0.1256987,51.5258807]],
[[-3.3124514,55.9175654],[-0.5831894,51.2455747]],
[[-5.796833,54.6847229],[-0.1256987,51.5258807]],
[[-5.796833,54.6847229],[-2.6092402,51.458805]],
[[0.336112,51.7202301],[-2.6092402,51.458805]],
[[-0.233928,51.7548433],[-1.5729573,54.7735525]],
[[-2.9761309,56.4598773],[-0.1742745,51.5005047]],
[[-2.2262753,53.4716848],[-2.3251831,51.3791942]],
[[-2.101715,57.16413],[-5.796833,54.6847229]],
[[-0.1274396,51.5228397],[-3.1789046,55.9511987]],
[[1.2409636,52.6222071],[-1.1814887,52.955437]],
[[-3.3124514,55.9175654],[-2.3251831,51.3791942]],
[[-0.6216949,52.0753955],[-0.233928,51.7548433]],
[[-0.1251998,51.5255568],[-0.1340913,51.5259105]],
[[-4.236597,55.8643291],[-2.6092402,51.458805]],
[[-2.9761309,56.4598773],[-1.6083557,54.9835312]],
[[-0.1742745,51.5005047],[-5.796833,54.6847229]],
[[-0.0371712,51.5269647],[-2.7930437,56.3412484]],
[[-0.5831894,51.2455747],[-1.5603751,52.3793631]],
[[0.108564,52.205687],[-4.0723927,52.1154154]],
[[-0.233928,51.7548433],[-0.4660128,51.534788]],
[[0.9515806,51.8801279],[-1.1814887,52.955437]],
[[-1.5513552,53.804323],[-0.5570379,51.4264165]],
[[-1.2545588,51.75786],[-4.0723927,52.1154154]],
[[-0.3629521,53.7728413],[-0.1309167,51.5263952]],
[[-0.0371712,51.5269647],[-4.236597,55.8643291]],
[[-2.3251831,51.3791942],[-1.2186814,52.7703862]],
[[-0.1309167,51.5263952],[1.0741169,51.3013948]],
[[-0.1340913,51.5259105],[-1.1814887,52.955437]],
[[-3.5238554,50.7418314],[-0.5831894,51.2455747]],
[[-0.1742745,51.5005047],[4.8999019,61.0476494]],
[[-1.4770905,53.3844867],[-1.2186814,52.7703862]],
[[-0.1742745,51.5005047],[-0.1274396,51.5228397]],
[[-2.7930437,56.3412484],[-1.0130483,53.9531737]],
[[-0.4660128,51.534788],[-0.6216949,52.0753955]],
[[-1.1206706,52.6259572],[-2.2661666,53.4943649]],
[[-7.2324139,55.0449684],[-1.7884589,51.6031655]],
[[-3.5238554,50.7418314],[-2.3251831,51.3791942]],
[[0.108564,52.205687],[-0.5831894,51.2455747]],
[[-1.2545588,51.75786],[-0.5831894,51.2455747]],
[[-1.9189703,52.4652158],[-1.2186814,52.7703862]],
[[-2.101715,57.16413],[0.108564,52.205687]],
[[-2.101715,57.16413],[-1.2545588,51.75786]],
[[-1.1814887,52.955437],[-0.5570379,51.4264165]],
[[-2.101715,57.16413],[-1.1206706,52.6259572]],
[[-0.4660128,51.534788],[-1.4770905,53.3844867]],
[[-1.0130483,53.9531737],[-0.3629521,53.7728413]],
[[1.2409636,52.6222071],[-1.3926128,50.8940039]],
[[-1.1206706,52.6259572],[-1.3926128,50.8940039]],
[[-2.9616777,53.4062464],[-0.9589876,51.4512278]],
[[-0.0371712,51.5269647],[-1.5513552,53.804323]],
[[-2.6092402,51.458805],[-0.233928,51.7548433]],
[[1.0741169,51.3013948],[-1.5513552,53.804323]],
[[-2.7930437,56.3412484],[-0.1340913,51.5259105]],
[[-1.3926128,50.8940039],[-0.1285332,51.5192636]],
[[-1.2545588,51.75786],[-2.3251831,51.3791942]],
[[0.108564,52.205687],[-2.3251831,51.3791942]],
[[-2.3251831,51.3791942],[-1.0130483,53.9531737]],
[[-2.9761309,56.4598773],[-3.9189648,56.1465761]],
[[-5.796833,54.6847229],[-1.2186814,52.7703862]],
[[-0.9589876,51.4512278],[-2.6092402,51.458805]],
[[-2.7930437,56.3412484],[-1.5729573,54.7735525]],
[[-1.1206706,52.6259572],[1.2409636,52.6222071]],
[[0.336112,51.7202301],[-1.2186814,52.7703862]],
[[-2.7810559,54.0160361],[-1.1814887,52.955437]],
[[0.9515806,51.8801279],[-1.3926128,50.8940039]],
[[-0.3429176,51.4267079],[-0.0371712,51.5269647]],
[[-4.236597,55.8643291],[-1.2186814,52.7703862]],
[[-1.4770905,53.3844867],[-1.0130483,53.9531737]],
[[-0.1274396,51.5228397],[-1.5513552,53.804323]],
[[-2.2661666,53.4943649],[-0.1309167,51.5263952]],
[[-2.25335,53.0097723],[-0.233928,51.7548433]],
[[-1.5729573,54.7735525],[-1.9189703,52.4652158]],
[[-1.2186814,52.7703862],[-1.5603751,52.3793631]],
[[-0.1309167,51.5263952],[-0.6745832,51.3768761]],
[[-0.1340913,51.5259105],[-1.3926128,50.8940039]],
[[-2.2661666,53.4943649],[-1.1206706,52.6259572]],
[[0.9515806,51.8801279],[1.2409636,52.6222071]],
[[-1.9189703,52.4652158],[-1.0130483,53.9531737]],
[[-3.9189648,56.1465761],[-1.0130483,53.9531737]],
[[-2.6092402,51.458805],[-2.7930437,56.3412484]],
[[-2.101715,57.16413],[0.336112,51.7202301]],
[[-3.1774647,51.4893653],[-2.9616777,53.4062464]],
[[-3.1789046,55.9511987],[-0.233928,51.7548433]],
[[-3.3124514,55.9175654],[-0.1309167,51.5263952]],
[[-2.6092402,51.458805],[-4.236597,55.8643291]],
[[-0.1340913,51.5259105],[1.2409636,52.6222071]],
[[-5.9279191,54.6055484],[-2.9761309,56.4598773]],
[[-2.3251831,51.3791942],[-0.1340913,51.5259105]],
[[-1.3926128,50.8940039],[-2.9616777,53.4062464]],
[[-2.7810559,54.0160361],[-2.2661666,53.4943649]],
[[-2.23388,53.46557],[-1.1814887,52.955437]],
[[-1.4770905,53.3844867],[-0.1340913,51.5259105]],
[[-2.3251831,51.3791942],[-1.5729573,54.7735525]],
[[-1.6083557,54.9835312],[-3.1774647,51.4893653]],
[[-1.4770905,53.3844867],[-1.5729573,54.7735525]],
[[-5.796833,54.6847229],[-1.0130483,53.9531737]],
[[-1.1206706,52.6259572],[-5.796833,54.6847229]],
[[-0.0371712,51.5269647],[-1.1814887,52.955437]],
[[-3.1789046,55.9511987],[-0.1251998,51.5255568]],
[[0.336112,51.7202301],[-1.0130483,53.9531737]],
[[-1.9189703,52.4652158],[-0.1340913,51.5259105]],
[[0.1332775,52.176315],[-1.0130483,53.9531737]],
[[-2.7810559,54.0160361],[-1.3926128,50.8940039]],
[[-2.101715,57.16413],[-0.9589876,51.4512278]],
[[-1.9189703,52.4652158],[-1.5729573,54.7735525]],
[[-1.5729573,54.7735525],[-3.5238554,50.7418314]],
[[-0.1530862,51.5368322],[-0.1309167,51.5263952]],
[[-1.0130483,53.9531737],[0.9515806,51.8801279]],
[[0.9515806,51.8801279],[-5.796833,54.6847229]],
[[-1.6083557,54.9835312],[-0.1285332,51.5192636]],
[[-2.2661666,53.4943649],[0.336112,51.7202301]],
[[-0.1742745,51.5005047],[-0.9589876,51.4512278]],
[[-3.5238554,50.7418314],[-0.1309167,51.5263952]],
[[-0.1309167,51.5263952],[-3.5238554,50.7418314]],
[[-2.7810559,54.0160361],[1.2409636,52.6222071]],
[[-0.1340913,51.5259105],[0.1332775,52.176315]],
[[0.1332775,52.176315],[-0.1340913,51.5259105]],
[[-1.4770905,53.3844867],[-0.4660128,51.534788]],
[[-0.1251998,51.5255568],[-2.9761309,56.4598773]],
[[-0.6216949,52.0753955],[-1.1814887,52.955437]],
[[-1.1206706,52.6259572],[-0.1274396,51.5228397]],
[[-0.1340913,51.5259105],[-5.796833,54.6847229]],
[[-5.796833,54.6847229],[-0.1340913,51.5259105]],
[[1.0741169,51.3013948],[-0.0809254,50.8737286]],
[[0.336112,51.7202301],[-1.5729573,54.7735525]],
[[-5.796833,54.6847229],[-1.5729573,54.7735525]],
[[-3.1774647,51.4893653],[-1.6083557,54.9835312]],
[[-4.0723927,52.1154154],[-2.9616777,53.4062464]],
[[-2.9761309,56.4598773],[-1.9189703,52.4652158]],
[[-1.5513552,53.804323],[-4.2836342,55.8752442]],
[[-1.3926128,50.8940039],[-1.6083557,54.9835312]],
[[-0.233928,51.7548433],[-2.2262753,53.4716848]],
[[1.2409636,52.6222071],[-1.2545588,51.75786]],
[[1.2409636,52.6222071],[-1.1206706,52.6259572]],
[[-3.1774647,51.4893653],[-2.7810559,54.0160361]],
[[-4.236597,55.8643291],[-1.5729573,54.7735525]],
[[-2.23388,53.46557],[-1.3926128,50.8940039]],
[[-1.3926128,50.8940039],[-2.7810559,54.0160361]],
[[0.336112,51.7202301],[-0.4660128,51.534788]],
[[1.0741169,51.3013948],[-1.4770905,53.3844867]],
[[-0.0371712,51.5269647],[-1.4770905,53.3844867]],
[[-1.6083557,54.9835312],[-2.9616777,53.4062464]],
[[-1.0130483,53.9531737],[-2.7930437,56.3412484]],
[[0.9515806,51.8801279],[-1.2545588,51.75786]],
[[-0.0371712,51.5269647],[-1.3926128,50.8940039]],
[[-4.2836342,55.8752442],[-0.1285332,51.5192636]],
[[0.9515806,51.8801279],[0.108564,52.205687]],
[[-0.1340913,51.5259105],[-1.1206706,52.6259572]],
[[-0.0371712,51.5269647],[-2.101715,57.16413]],
[[-0.1251998,51.5255568],[-2.2262753,53.4716848]],
[[-0.0371712,51.5269647],[1.2409636,52.6222071]],
[[-1.5603751,52.3793631],[-3.1774647,51.4893653]],
[[-1.3926128,50.8940039],[-3.9748977,51.6115399]],
[[-0.9589876,51.4512278],[-1.0130483,53.9531737]],
[[-1.5729573,54.7735525],[-0.0371712,51.5269647]],
[[-0.6216949,52.0753955],[-1.3926128,50.8940039]],
[[-1.5729573,54.7735525],[-1.765276,53.7931106]],
[[-3.1774647,51.4893653],[-3.9189648,56.1465761]],
[[-1.1206706,52.6259572],[0.336112,51.7202301]],
[[-1.6083557,54.9835312],[-0.1742745,51.5005047]],
[[-0.1309167,51.5263952],[-0.0371712,51.5269647]],
[[1.2409636,52.6222071],[0.336112,51.7202301]],
[[-0.1309167,51.5263952],[-1.765276,53.7931106]],
[[-2.9761309,56.4598773],[-3.5238554,50.7418314]],
[[-0.1256987,51.5258807],[-4.2836342,55.8752442]],
[[-2.25335,53.0097723],[-1.1814887,52.955437]],
[[0.9515806,51.8801279],[0.336112,51.7202301]],
[[-1.2186814,52.7703862],[-3.1774647,51.4893653]],
[[-0.0371712,51.5269647],[-5.796833,54.6847229]],
[[-1.765276,53.7931106],[-1.1814887,52.955437]],
[[-2.7810559,54.0160361],[-1.1206706,52.6259572]],
[[-2.3251831,51.3791942],[-2.9761309,56.4598773]],
[[-0.4660128,51.534788],[-0.5831894,51.2455747]],
[[-4.0723927,52.1154154],[-3.9748977,51.6115399]],
[[1.2409636,52.6222071],[-0.9589876,51.4512278]],
[[-2.7930437,56.3412484],[-3.3124514,55.9175654]],
[[-1.4770905,53.3844867],[-2.9761309,56.4598773]],
[[-1.3926128,50.8940039],[1.0741169,51.3013948]],
[[-1.3081623,51.576052],[-0.5831894,51.2455747]],
[[-1.1206706,52.6259572],[-0.9589876,51.4512278]],
[[-2.7930437,56.3412484],[-2.2262753,53.4716848]],
[[-1.6083557,54.9835312],[-2.7810559,54.0160361]],
[[-1.9189703,52.4652158],[-2.9761309,56.4598773]],
[[-3.9189648,56.1465761],[-2.9761309,56.4598773]],
[[-0.1142124,51.5159343],[-1.2545588,51.75786]],
[[-0.0371712,51.5269647],[-0.1274396,51.5228397]],
[[-3.9748977,51.6115399],[-2.9616777,53.4062464]],
[[-0.1142124,51.5159343],[0.108564,52.205687]],
[[-1.1814887,52.955437],[-0.3429176,51.4267079]],
[[-1.5513552,53.804323],[-0.0371712,51.5269647]],
[[-0.5831894,51.2455747],[-0.1742745,51.5005047]],
[[-2.23388,53.46557],[0.108564,52.205687]],
[[-2.6092402,51.458805],[1.2409636,52.6222071]],
[[-3.1789046,55.9511987],[-2.2661666,53.4943649]],
[[-1.3081623,51.576052],[-2.3251831,51.3791942]],
[[-4.2836342,55.8752442],[-1.6083557,54.9835312]],
[[-1.0130483,53.9531737],[-1.1814887,52.955437]],
[[-2.3251831,51.3791942],[-2.2262753,53.4716848]],
[[-0.0371712,51.5269647],[-1.1206706,52.6259572]],
[[-5.796833,54.6847229],[-2.9761309,56.4598773]],
[[-2.9616777,53.4062464],[-3.1774647,51.4893653]],
[[-2.7810559,54.0160361],[0.336112,51.7202301]],
[[0.336112,51.7202301],[-2.9761309,56.4598773]],
[[-2.3251831,51.3791942],[-3.3124514,55.9175654]],
[[-0.6745832,51.3768761],[4.8999019,61.0476494]],
[[-0.0371712,51.5269647],[-2.25335,53.0097723]],
[[-4.236597,55.8643291],[-2.9761309,56.4598773]],
[[-2.25335,53.0097723],[-2.3251831,51.3791942]],
[[-1.6083557,54.9835312],[-3.9189648,56.1465761]],
[[-3.3124514,55.9175654],[-4.2836342,55.8752442]],
[[-3.1789046,55.9511987],[-1.3926128,50.8940039]],
[[-3.9748977,51.6115399],[-0.1742745,51.5005047]],
[[-1.5513552,53.804323],[-0.1256987,51.5258807]],
[[-1.4770905,53.3844867],[-3.3124514,55.9175654]],
[[-0.5831894,51.2455747],[-1.6083557,54.9835312]],
[[-1.2186814,52.7703862],[-2.9616777,53.4062464]],
[[-0.0809254,50.8737286],[-1.6083557,54.9835312]],
[[-3.1789046,55.9511987],[1.2409636,52.6222071]],
[[-2.9616777,53.4062464],[-5.9279191,54.6055484]],
[[-1.1814887,52.955437],[-0.0371712,51.5269647]],
[[-0.1142124,51.5159343],[0.336112,51.7202301]],
[[-3.9189648,56.1465761],[-2.2262753,53.4716848]],
[[-0.5831894,51.2455747],[-2.7810559,54.0160361]],
[[-2.9616777,53.4062464],[-0.1285332,51.5192636]],
[[-2.7930437,56.3412484],[-0.3629521,53.7728413]],
[[-0.6216949,52.0753955],[0.108564,52.205687]],
[[-0.6216949,52.0753955],[-1.2545588,51.75786]],
[[-1.9189703,52.4652158],[-3.3124514,55.9175654]],
[[-0.1285332,51.5192636],[-0.1251998,51.5255568]],
[[-2.6092402,51.458805],[-5.796833,54.6847229]],
[[-1.0130483,53.9531737],[-2.2661666,53.4943649]],
[[-2.7810559,54.0160361],[-0.9589876,51.4512278]],
[[1.2409636,52.6222071],[-1.5603751,52.3793631]],
[[-0.6745832,51.3768761],[-1.2545588,51.75786]],
[[-4.2836342,55.8752442],[-3.9748977,51.6115399]],
[[-0.3629521,53.7728413],[-0.0371712,51.5269647]],
[[-5.796833,54.6847229],[-2.2262753,53.4716848]],
[[-1.5603751,52.3793631],[-1.6083557,54.9835312]],
[[-1.1814887,52.955437],[-0.1256987,51.5258807]],
[[-0.1256987,51.5258807],[-0.0371712,51.5269647]],
[[0.1332775,52.176315],[-2.2262753,53.4716848]],
[[-4.236597,55.8643291],[-2.2262753,53.4716848]],
[[-4.236597,55.8643291],[-3.3124514,55.9175654]],
[[-3.5238554,50.7418314],[-4.2836342,55.8752442]],
[[-4.2836342,55.8752442],[-3.9189648,56.1465761]],
[[-2.25335,53.0097723],[-5.796833,54.6847229]],
[[-1.0130483,53.9531737],[-1.3926128,50.8940039]],
[[-1.2186814,52.7703862],[-0.1742745,51.5005047]],
[[-0.233928,51.7548433],[-2.7930437,56.3412484]],
[[-1.1814887,52.955437],[-1.3081623,51.576052]],
[[-0.1340913,51.5259105],[-1.5603751,52.3793631]],
[[-1.0130483,53.9531737],[1.2409636,52.6222071]],
[[-1.4770905,53.3844867],[-0.3629521,53.7728413]],
[[-3.1789046,55.9511987],[-5.796833,54.6847229]],
[[-2.101715,57.16413],[-3.1774647,51.4893653]],
[[-0.3629521,53.7728413],[-2.6092402,51.458805]],
[[-3.1774647,51.4893653],[-3.5238554,50.7418314]],
[[-1.765276,53.7931106],[-5.796833,54.6847229]],
[[-2.9761309,56.4598773],[-1.5513552,53.804323]],
[[-2.6092402,51.458805],[-1.1206706,52.6259572]],
[[-1.3926128,50.8940039],[-3.5238554,50.7418314]],
[[-4.0723927,52.1154154],[-1.9189703,52.4652158]],
[[-0.1256987,51.5258807],[-2.6092402,51.458805]],
[[-1.9189703,52.4652158],[-0.3629521,53.7728413]],
[[-1.2186814,52.7703862],[-1.6083557,54.9835312]],
[[-0.1251998,51.5255568],[-2.7930437,56.3412484]],
[[-0.6745832,51.3768761],[0.336112,51.7202301]],
[[-1.2186814,52.7703862],[-2.7810559,54.0160361]],
[[-2.7930437,56.3412484],[0.9515806,51.8801279]],
[[-3.1789046,55.9511987],[-0.1274396,51.5228397]],
[[-1.5729573,54.7735525],[-0.0809254,50.8737286]],
[[-0.5831894,51.2455747],[1.0741169,51.3013948]],
[[1.0741169,51.3013948],[-0.5831894,51.2455747]],
[[-1.5513552,53.804323],[-1.2186814,52.7703862]],
[[-2.25335,53.0097723],[-1.1206706,52.6259572]],
[[-2.25335,53.0097723],[-0.1309167,51.5263952]],
[[-0.0809254,50.8737286],[1.0741169,51.3013948]],
[[-2.7930437,56.3412484],[-0.233928,51.7548433]],
[[-1.6083557,54.9835312],[-1.9189703,52.4652158]],
[[-0.1742745,51.5005047],[-0.1285332,51.5192636]],
[[-1.5729573,54.7735525],[-1.4770905,53.3844867]],
[[-1.0130483,53.9531737],[-5.796833,54.6847229]],
[[-0.1274396,51.5228397],[-0.5831894,51.2455747]],
[[-3.1789046,55.9511987],[-1.1206706,52.6259572]],
[[-0.1309167,51.5263952],[-0.6216949,52.0753955]],
[[-1.0130483,53.9531737],[0.1332775,52.176315]],
[[-2.6092402,51.458805],[0.336112,51.7202301]],
[[-1.5603751,52.3793631],[1.0741169,51.3013948]],
[[-0.9589876,51.4512278],[-2.2262753,53.4716848]],
[[-2.9616777,53.4062464],[-1.6083557,54.9835312]],
[[-1.5729573,54.7735525],[-2.101715,57.16413]],
[[-2.7930437,56.3412484],[-0.1251998,51.5255568]],
[[-0.1309167,51.5263952],[-2.101715,57.16413]],
[[-2.2262753,53.4716848],[-0.1256987,51.5258807]],
[[-2.2661666,53.4943649],[-1.3081623,51.576052]],
[[-1.4770905,53.3844867],[0.9515806,51.8801279]],
[[-5.9279191,54.6055484],[-1.1814887,52.955437]],
[[-1.2545588,51.75786],[-0.3429176,51.4267079]],
[[-2.101715,57.16413],[-2.9616777,53.4062464]],
[[0.108564,52.205687],[-0.3429176,51.4267079]],
[[-3.1774647,51.4893653],[-0.0371712,51.5269647]],
[[-1.4770905,53.3844867],[-0.233928,51.7548433]],
[[-0.3629521,53.7728413],[-1.2186814,52.7703862]],
[[-1.3926128,50.8940039],[-3.1789046,55.9511987]],
[[-1.3926128,50.8940039],[-0.0371712,51.5269647]],
[[-1.6083557,54.9835312],[-3.5238554,50.7418314]],
[[-3.3124514,55.9175654],[-2.6092402,51.458805]],
[[-2.25335,53.0097723],[0.336112,51.7202301]],
[[-3.3124514,55.9175654],[-1.3081623,51.576052]],
[[-0.5831894,51.2455747],[-1.9189703,52.4652158]],
[[-0.233928,51.7548433],[-1.1814887,52.955437]],
[[-1.0130483,53.9531737],[0.108564,52.205687]],
[[-2.6092402,51.458805],[-0.9589876,51.4512278]],
[[-1.0130483,53.9531737],[-1.1206706,52.6259572]],
[[-1.9189703,52.4652158],[-0.233928,51.7548433]],
[[-0.1309167,51.5263952],[-0.1251998,51.5255568]],
[[-2.9616777,53.4062464],[-3.9748977,51.6115399]],
[[-3.5238554,50.7418314],[-0.0371712,51.5269647]],
[[-2.2661666,53.4943649],[-2.9616777,53.4062464]],
[[-2.101715,57.16413],[-0.1742745,51.5005047]],
[[-1.4770905,53.3844867],[-0.1251998,51.5255568]],
[[-1.5513552,53.804323],[-0.1340913,51.5259105]],
[[-0.1309167,51.5263952],[-0.1530862,51.5368322]],
[[-5.796833,54.6847229],[0.9515806,51.8801279]],
[[-2.3251831,51.3791942],[-2.7930437,56.3412484]],
[[0.336112,51.7202301],[0.9515806,51.8801279]],
[[-2.3251831,51.3791942],[-4.236597,55.8643291]],
[[-1.9189703,52.4652158],[-0.1251998,51.5255568]],
[[-1.1814887,52.955437],[-1.0130483,53.9531737]],
[[0.336112,51.7202301],[-0.233928,51.7548433]],
[[-1.4770905,53.3844867],[-2.7930437,56.3412484]],
[[-1.4770905,53.3844867],[-4.236597,55.8643291]],
[[-0.1251998,51.5255568],[-1.1814887,52.955437]],
[[1.2409636,52.6222071],[-3.1774647,51.4893653]],
[[-1.1206706,52.6259572],[-3.1774647,51.4893653]],
[[-3.9748977,51.6115399],[-1.9189703,52.4652158]],
[[-3.5238554,50.7418314],[-0.1256987,51.5258807]],
[[-0.3629521,53.7728413],[-1.0130483,53.9531737]],
[[-3.9189648,56.1465761],[-2.7930437,56.3412484]],
[[-3.5238554,50.7418314],[-2.6092402,51.458805]],
[[-2.101715,57.16413],[-1.6083557,54.9835312]],
[[-4.2836342,55.8752442],[-3.5238554,50.7418314]],
[[-1.9189703,52.4652158],[-2.7930437,56.3412484]],
[[-1.9189703,52.4652158],[-4.236597,55.8643291]],
[[-3.9189648,56.1465761],[-4.236597,55.8643291]],
[[-2.9761309,56.4598773],[-1.4770905,53.3844867]],
[[-4.0723927,52.1154154],[-3.1789046,55.9511987]],
[[-3.1789046,55.9511987],[-0.9589876,51.4512278]],
[[-0.1285332,51.5192636],[-1.3926128,50.8940039]],
[[-0.1340913,51.5259105],[-3.1774647,51.4893653]],
[[-0.1256987,51.5258807],[-1.0130483,53.9531737]],
[[-0.1742745,51.5005047],[-1.6083557,54.9835312]],
[[1.0741169,51.3013948],[-0.1309167,51.5263952]],
[[0.336112,51.7202301],[-0.1251998,51.5255568]],
[[-0.0371712,51.5269647],[-0.1309167,51.5263952]],
[[-1.1814887,52.955437],[-0.1340913,51.5259105]],
[[-0.5831894,51.2455747],[-3.5238554,50.7418314]],
[[-1.0130483,53.9531737],[0.336112,51.7202301]],
[[-2.101715,57.16413],[-2.7810559,54.0160361]],
[[-1.5513552,53.804323],[-2.23388,53.46557]],
[[-1.6083557,54.9835312],[-3.1789046,55.9511987]],
[[-3.1774647,51.4893653],[-1.5513552,53.804323]],
[[-5.796833,54.6847229],[-4.236597,55.8643291]],
[[-5.796833,54.6847229],[-2.7930437,56.3412484]],
[[-0.0809254,50.8737286],[-3.5238554,50.7418314]],
[[-0.233928,51.7548433],[-1.3926128,50.8940039]],
[[-1.6083557,54.9835312],[-0.0371712,51.5269647]],
[[1.2409636,52.6222071],[-1.3081623,51.576052]],
[[-3.3124514,55.9175654],[-1.2186814,52.7703862]],
[[-0.3629521,53.7728413],[-1.5729573,54.7735525]],
[[0.9515806,51.8801279],[-1.3081623,51.576052]],
[[-1.2186814,52.7703862],[-1.9189703,52.4652158]],
[[-1.5729573,54.7735525],[-2.25335,53.0097723]],
[[-2.2262753,53.4716848],[-1.2186814,52.7703862]],
[[-0.233928,51.7548433],[1.2409636,52.6222071]],
[[-0.1340913,51.5259105],[-0.1285332,51.5192636]],
[[-1.5603751,52.3793631],[-3.5238554,50.7418314]],
[[-0.1309167,51.5263952],[-2.25335,53.0097723]],
[[-1.1814887,52.955437],[-2.23388,53.46557]],
[[-1.0130483,53.9531737],[-0.9589876,51.4512278]],
[[-0.1256987,51.5258807],[-1.5729573,54.7735525]],
[[-2.7930437,56.3412484],[-1.1814887,52.955437]],
[[-0.1742745,51.5005047],[-3.9748977,51.6115399]],
[[-1.1814887,52.955437],[-0.4660128,51.534788]],
[[-2.101715,57.16413],[-3.9189648,56.1465761]],
[[-1.1206706,52.6259572],[-2.9616777,53.4062464]],
[[-2.7810559,54.0160361],[-3.1774647,51.4893653]],
[[1.2409636,52.6222071],[-2.9616777,53.4062464]],
[[-0.1285332,51.5192636],[-5.796833,54.6847229]],
[[-0.1251998,51.5255568],[1.2409636,52.6222071]],
[[-2.2661666,53.4943649],[-1.0130483,53.9531737]],
[[-0.9589876,51.4512278],[-0.233928,51.7548433]],
[[-4.2836342,55.8752442],[-0.0371712,51.5269647]],
[[0.9515806,51.8801279],[-2.9616777,53.4062464]],
[[-0.5570379,51.4264165],[-2.6092402,51.458805]],
[[-0.1340913,51.5259105],[-2.9616777,53.4062464]],
[[-0.5831894,51.2455747],[-3.1789046,55.9511987]],
[[-2.3251831,51.3791942],[-1.1814887,52.955437]],
[[-4.0723927,52.1154154],[-1.5513552,53.804323]],
[[-0.1274396,51.5228397],[-0.5570379,51.4264165]],
[[-3.5238554,50.7418314],[-1.2186814,52.7703862]],
[[-1.2186814,52.7703862],[-3.5238554,50.7418314]],
[[-0.4660128,51.534788],[-4.2836342,55.8752442]],
[[1.2409636,52.6222071],[-0.1742745,51.5005047]],
[[-0.1742745,51.5005047],[1.0741169,51.3013948]],
[[-0.1309167,51.5263952],[-4.0723927,52.1154154]],
[[-1.6083557,54.9835312],[-1.5513552,53.804323]],
[[0.108564,52.205687],[-1.2186814,52.7703862]],
[[-0.0371712,51.5269647],[-3.1774647,51.4893653]],
[[-1.2545588,51.75786],[-1.2186814,52.7703862]],
[[-0.1285332,51.5192636],[-1.2545588,51.75786]],
[[-5.9279191,54.6055484],[-1.2545588,51.75786]],
[[-2.7930437,56.3412484],[-1.3926128,50.8940039]],
[[-3.9189648,56.1465761],[-1.1814887,52.955437]],
[[-3.9748977,51.6115399],[-3.1789046,55.9511987]],
[[-0.1285332,51.5192636],[0.108564,52.205687]],
[[-2.25335,53.0097723],[-4.2836342,55.8752442]],
[[-0.1251998,51.5255568],[0.1332775,52.176315]],
[[-1.0130483,53.9531737],[-1.5603751,52.3793631]],
[[1.2409636,52.6222071],[-1.6083557,54.9835312]],
[[-2.2262753,53.4716848],[-1.5729573,54.7735525]],
[[-1.5513552,53.804323],[-2.9761309,56.4598773]],
[[-1.5729573,54.7735525],[-0.5831894,51.2455747]],
[[-1.1206706,52.6259572],[-1.6083557,54.9835312]],
[[-2.7930437,56.3412484],[1.2409636,52.6222071]],
[[-1.5603751,52.3793631],[-0.0371712,51.5269647]],
[[-3.3124514,55.9175654],[-1.5729573,54.7735525]],
[[-5.796833,54.6847229],[-1.1814887,52.955437]],
[[-1.4770905,53.3844867],[-2.2661666,53.4943649]],
[[-1.3926128,50.8940039],[-0.0809254,50.8737286]],
[[-0.233928,51.7548433],[0.108564,52.205687]],
[[-0.1309167,51.5263952],[-0.5831894,51.2455747]],
[[-2.9616777,53.4062464],[-3.5238554,50.7418314]],
[[-0.233928,51.7548433],[-1.2545588,51.75786]],
[[-3.5238554,50.7418314],[-1.0130483,53.9531737]],
[[-0.233928,51.7548433],[-1.1206706,52.6259572]],
[[-1.1206706,52.6259572],[-2.7810559,54.0160361]],
[[1.2409636,52.6222071],[-2.7810559,54.0160361]],
[[-1.9189703,52.4652158],[-2.2661666,53.4943649]],
[[-4.236597,55.8643291],[-1.1814887,52.955437]],
[[-2.3251831,51.3791942],[-1.3926128,50.8940039]],
[[-2.2262753,53.4716848],[-2.23388,53.46557]],
[[0.9515806,51.8801279],[-2.7810559,54.0160361]],
[[-0.1340913,51.5259105],[-1.6083557,54.9835312]],
[[-1.5729573,54.7735525],[-2.3251831,51.3791942]],
[[-1.3926128,50.8940039],[-0.6216949,52.0753955]],
[[-2.2262753,53.4716848],[-0.4660128,51.534788]],
[[-2.101715,57.16413],[-1.9189703,52.4652158]],
[[-4.2836342,55.8752442],[-1.5513552,53.804323]],
[[-0.1309167,51.5263952],[-2.3251831,51.3791942]],
[[-1.1814887,52.955437],[-2.9761309,56.4598773]],
[[-1.2186814,52.7703862],[-3.1789046,55.9511987]],
[[-3.5238554,50.7418314],[-0.1340913,51.5259105]],
[[0.108564,52.205687],[-1.0130483,53.9531737]],
[[-1.2545588,51.75786],[-0.1142124,51.5159343]],
[[-2.3251831,51.3791942],[1.2409636,52.6222071]],
[[-1.4770905,53.3844867],[-1.3926128,50.8940039]],
[[-1.3926128,50.8940039],[-1.4770905,53.3844867]],
[[-3.1774647,51.4893653],[-2.101715,57.16413]],
[[-0.1251998,51.5255568],[0.108564,52.205687]],
[[-0.1251998,51.5255568],[-1.2545588,51.75786]],
[[-0.1251998,51.5255568],[-1.1206706,52.6259572]],
[[-0.1285332,51.5192636],[0.336112,51.7202301]],
[[-1.4770905,53.3844867],[1.2409636,52.6222071]],
[[-2.7930437,56.3412484],[-5.796833,54.6847229]],
[[-0.5831894,51.2455747],[-1.5513552,53.804323]],
[[-1.3926128,50.8940039],[-2.101715,57.16413]],
[[-3.5238554,50.7418314],[-1.5729573,54.7735525]],
[[-1.5513552,53.804323],[-3.3124514,55.9175654]],
[[0.336112,51.7202301],[-2.2661666,53.4943649]],
[[-0.233928,51.7548433],[0.336112,51.7202301]],
[[-0.0809254,50.8737286],[-1.5513552,53.804323]],
[[-1.9189703,52.4652158],[1.2409636,52.6222071]],
[[-4.236597,55.8643291],[-2.2661666,53.4943649]],
[[-0.1142124,51.5159343],[-0.1742745,51.5005047]],
[[-3.9748977,51.6115399],[-1.5513552,53.804323]],
[[-5.796833,54.6847229],[-1.3926128,50.8940039]],
[[-3.1774647,51.4893653],[-0.1530862,51.5368322]],
[[-3.5238554,50.7418314],[-0.4660128,51.534788]],
[[-2.7810559,54.0160361],[-1.6083557,54.9835312]],
[[-1.5603751,52.3793631],[-1.5513552,53.804323]],
[[-1.6083557,54.9835312],[-0.0809254,50.8737286]],
[[-0.1251998,51.5255568],[0.336112,51.7202301]],
[[0.336112,51.7202301],[1.2409636,52.6222071]],
[[-2.9616777,53.4062464],[-0.0371712,51.5269647]],
[[-4.0723927,52.1154154],[-1.4770905,53.3844867]],
[[-1.1206706,52.6259572],[1.0741169,51.3013948]],
[[-2.101715,57.16413],[-3.5238554,50.7418314]],
[[-1.1814887,52.955437],[-3.3124514,55.9175654]],
[[-4.236597,55.8643291],[-1.3926128,50.8940039]],
[[-2.23388,53.46557],[-0.1742745,51.5005047]],
[[-2.7930437,56.3412484],[-1.1206706,52.6259572]],
[[-1.2545588,51.75786],[-0.4660128,51.534788]],
[[-0.233928,51.7548433],[-0.9589876,51.4512278]],
[[-0.9589876,51.4512278],[-1.1814887,52.955437]],
[[-2.7930437,56.3412484],[-1.2545588,51.75786]],
[[-2.7930437,56.3412484],[0.108564,52.205687]],
[[-0.3629521,53.7728413],[-2.2262753,53.4716848]],
[[-1.4770905,53.3844867],[-5.796833,54.6847229]],
[[0.108564,52.205687],[-2.23388,53.46557]],
[[-0.0371712,51.5269647],[-4.2836342,55.8752442]],
[[-2.25335,53.0097723],[-3.1774647,51.4893653]],
[[0.108564,52.205687],[-0.4660128,51.534788]],
[[-0.1742745,51.5005047],[-3.5238554,50.7418314]],
[[0.9515806,51.8801279],[1.0741169,51.3013948]],
[[-0.1256987,51.5258807],[-2.2262753,53.4716848]],
[[-1.6083557,54.9835312],[-1.4770905,53.3844867]],
[[-1.5513552,53.804323],[-0.3629521,53.7728413]],
[[-1.9189703,52.4652158],[-5.796833,54.6847229]],
[[-2.9761309,56.4598773],[-2.3251831,51.3791942]],
[[-1.2186814,52.7703862],[-1.5513552,53.804323]],
[[-1.5729573,54.7735525],[-0.1309167,51.5263952]],
[[-1.6083557,54.9835312],[-2.101715,57.16413]],
[[-0.0371712,51.5269647],[-1.6083557,54.9835312]],
[[-0.6216949,52.0753955],[-0.1742745,51.5005047]],
[[-0.5570379,51.4264165],[-1.5729573,54.7735525]],
[[-2.3251831,51.3791942],[-1.2545588,51.75786]],
[[-2.3251831,51.3791942],[0.108564,52.205687]],
[[-3.1789046,55.9511987],[-0.1285332,51.5192636]],
[[-3.3124514,55.9175654],[-2.9761309,56.4598773]],
[[-2.2262753,53.4716848],[-2.9761309,56.4598773]],
[[-2.3251831,51.3791942],[-1.1206706,52.6259572]],
[[-2.25335,53.0097723],[-2.6092402,51.458805]],
[[0.336112,51.7202301],[0.1332775,52.176315]],
[[0.336112,51.7202301],[-5.796833,54.6847229]],
[[-0.3429176,51.4267079],[-1.1814887,52.955437]],
[[-0.5831894,51.2455747],[-0.0809254,50.8737286]],
[[-4.236597,55.8643291],[-5.796833,54.6847229]],
[[-3.1774647,51.4893653],[-2.25335,53.0097723]],
[[-1.1814887,52.955437],[-0.3629521,53.7728413]],
[[-3.9189648,56.1465761],[-1.2545588,51.75786]],
[[0.336112,51.7202301],[-0.1274396,51.5228397]],
[[-0.9589876,51.4512278],[-1.3926128,50.8940039]],
[[-2.101715,57.16413],[-0.0371712,51.5269647]],
[[-1.3926128,50.8940039],[-2.25335,53.0097723]],
[[-1.0130483,53.9531737],[-3.1774647,51.4893653]],
[[1.2409636,52.6222071],[-1.9189703,52.4652158]],
[[-0.5831894,51.2455747],[-1.4770905,53.3844867]],
[[-0.9589876,51.4512278],[1.2409636,52.6222071]],
[[-0.233928,51.7548433],[-1.5603751,52.3793631]],
[[-0.1742745,51.5005047],[-0.0371712,51.5269647]],
[[-2.25335,53.0097723],[-2.9616777,53.4062464]],
[[-1.5729573,54.7735525],[-0.5570379,51.4264165]],
[[0.336112,51.7202301],[-1.1206706,52.6259572]],
[[-5.796833,54.6847229],[0.108564,52.205687]],
[[-2.2262753,53.4716848],[-3.3124514,55.9175654]],
[[-3.3124514,55.9175654],[-2.2262753,53.4716848]],
[[0.1332775,52.176315],[0.108564,52.205687]],
[[-5.796833,54.6847229],[-1.1206706,52.6259572]],
[[-2.3251831,51.3791942],[0.336112,51.7202301]],
[[-3.5238554,50.7418314],[-2.9761309,56.4598773]],
[[-0.1340913,51.5259105],[-1.9189703,52.4652158]],
[[-0.4660128,51.534788],[-1.2186814,52.7703862]],
[[-4.236597,55.8643291],[-1.2545588,51.75786]],
[[-4.236597,55.8643291],[0.108564,52.205687]],
[[-1.5513552,53.804323],[-0.233928,51.7548433]],
[[-0.1251998,51.5255568],[-1.5603751,52.3793631]],
[[-3.9748977,51.6115399],[-1.4770905,53.3844867]],
[[-2.9761309,56.4598773],[-0.1309167,51.5263952]],
[[0.108564,52.205687],[-2.9761309,56.4598773]],
[[-1.1206706,52.6259572],[-3.5238554,50.7418314]],
[[-2.6092402,51.458805],[-1.6083557,54.9835312]],
[[-1.2545588,51.75786],[-2.9761309,56.4598773]],
[[-1.3926128,50.8940039],[-4.0723927,52.1154154]],
[[1.2409636,52.6222071],[-3.5238554,50.7418314]],
[[-2.3251831,51.3791942],[-0.9589876,51.4512278]],
[[-1.1814887,52.955437],[0.9515806,51.8801279]],
[[-1.5513552,53.804323],[-0.1251998,51.5255568]],
[[-2.6092402,51.458805],[-2.7810559,54.0160361]],
[[-0.0809254,50.8737286],[-0.1251998,51.5255568]],
[[-1.5513552,53.804323],[-4.236597,55.8643291]],
[[-1.5513552,53.804323],[-2.7930437,56.3412484]],
[[-1.4770905,53.3844867],[-0.9589876,51.4512278]],
[[-1.1814887,52.955437],[-0.233928,51.7548433]],
[[-0.1340913,51.5259105],[-3.5238554,50.7418314]],
[[-0.1274396,51.5228397],[-0.0371712,51.5269647]],
[[-3.5238554,50.7418314],[-2.2262753,53.4716848]],
[[-1.6083557,54.9835312],[-2.25335,53.0097723]],
[[-2.25335,53.0097723],[-1.6083557,54.9835312]],
[[-5.796833,54.6847229],[0.336112,51.7202301]],
[[-1.2186814,52.7703862],[-0.6216949,52.0753955]],
[[-3.1789046,55.9511987],[-1.6083557,54.9835312]],
[[-1.3926128,50.8940039],[-0.5831894,51.2455747]],
[[-2.6092402,51.458805],[-3.9748977,51.6115399]],
[[-1.2186814,52.7703862],[-1.4770905,53.3844867]],
[[-2.2262753,53.4716848],[-0.3629521,53.7728413]],
[[-0.0371712,51.5269647],[-2.6092402,51.458805]],
[[-1.3081623,51.576052],[-1.0130483,53.9531737]],
[[-2.101715,57.16413],[-1.5513552,53.804323]],
[[-1.9189703,52.4652158],[-0.9589876,51.4512278]],
[[-1.5603751,52.3793631],[-0.1251998,51.5255568]],
[[-0.4660128,51.534788],[-1.0130483,53.9531737]],
[[4.8999019,61.0476494],[-0.1251998,51.5255568]],
[[-0.9589876,51.4512278],[-0.1274396,51.5228397]],
[[-3.1774647,51.4893653],[-2.3251831,51.3791942]],
[[-0.1274396,51.5228397],[-0.1256987,51.5258807]],
[[-1.1814887,52.955437],[-0.1251998,51.5255568]],
[[-2.7930437,56.3412484],[-1.5603751,52.3793631]],
[[0.108564,52.205687],[-3.3124514,55.9175654]],
[[-0.1256987,51.5258807],[-0.233928,51.7548433]],
[[-1.2545588,51.75786],[-3.3124514,55.9175654]],
[[-0.9589876,51.4512278],[-1.2545588,51.75786]],
[[-0.9589876,51.4512278],[0.108564,52.205687]],
[[-1.1814887,52.955437],[-4.236597,55.8643291]],
[[-1.3926128,50.8940039],[-2.3251831,51.3791942]],
[[0.336112,51.7202301],[-0.9589876,51.4512278]],
[[-1.1814887,52.955437],[-2.7930437,56.3412484]],
[[-0.9589876,51.4512278],[-1.1206706,52.6259572]],
[[-1.0130483,53.9531737],[-0.1742745,51.5005047]],
[[-1.1206706,52.6259572],[-0.0371712,51.5269647]],
[[-1.1206706,52.6259572],[-3.1789046,55.9511987]],
[[1.2409636,52.6222071],[-3.1789046,55.9511987]],
[[-1.3081623,51.576052],[-1.5729573,54.7735525]],
[[-3.1789046,55.9511987],[-3.9748977,51.6115399]],
[[-4.2836342,55.8752442],[-2.25335,53.0097723]],
[[-0.3629521,53.7728413],[-2.7930437,56.3412484]],
[[-2.7810559,54.0160361],[-3.5238554,50.7418314]],
[[-2.3251831,51.3791942],[-1.5603751,52.3793631]],
[[-1.0130483,53.9531737],[-1.6083557,54.9835312]],
[[-3.1789046,55.9511987],[-3.9189648,56.1465761]],
[[-0.6216949,52.0753955],[-1.9189703,52.4652158]],
[[-0.3429176,51.4267079],[-1.2545588,51.75786]],
[[-2.9616777,53.4062464],[-2.101715,57.16413]],
[[-1.0130483,53.9531737],[-2.7810559,54.0160361]],
[[-0.3429176,51.4267079],[0.108564,52.205687]],
[[0.108564,52.205687],[-0.3629521,53.7728413]],
[[-0.9589876,51.4512278],[0.336112,51.7202301]],
[[-1.6083557,54.9835312],[-0.5831894,51.2455747]],
[[-1.2545588,51.75786],[-0.3629521,53.7728413]],
[[-2.2262753,53.4716848],[-0.233928,51.7548433]],
[[-1.5603751,52.3793631],[-2.25335,53.0097723]],
[[-0.0371712,51.5269647],[-3.5238554,50.7418314]],
[[-1.5729573,54.7735525],[-4.2836342,55.8752442]],
[[0.336112,51.7202301],[-1.5603751,52.3793631]],
[[-5.796833,54.6847229],[-1.5603751,52.3793631]],
[[-2.9616777,53.4062464],[-0.1530862,51.5368322]],
[[-2.6092402,51.458805],[-0.6745832,51.3768761]],
[[-1.0130483,53.9531737],[-3.9189648,56.1465761]],
[[-2.2262753,53.4716848],[-0.1251998,51.5255568]],
[[-0.1251998,51.5255568],[-3.1774647,51.4893653]],
[[-4.236597,55.8643291],[-1.5603751,52.3793631]],
[[-4.2836342,55.8752442],[-0.5831894,51.2455747]],
[[-2.2262753,53.4716848],[-4.236597,55.8643291]],
[[-3.9748977,51.6115399],[-4.0723927,52.1154154]],
[[-3.3124514,55.9175654],[-4.236597,55.8643291]],
[[-3.3124514,55.9175654],[-2.7930437,56.3412484]],
[[-2.101715,57.16413],[-1.4770905,53.3844867]],
[[-0.1742745,51.5005047],[-0.6216949,52.0753955]],
[[-2.2262753,53.4716848],[-2.7930437,56.3412484]],
[[-1.5513552,53.804323],[-2.2661666,53.4943649]],
[[-5.9279191,54.6055484],[-2.9616777,53.4062464]],
[[-1.0130483,53.9531737],[1.0741169,51.3013948]],
[[1.0741169,51.3013948],[-1.0130483,53.9531737]],
[[-0.1285332,51.5192636],[-2.9616777,53.4062464]],
[[-3.5238554,50.7418314],[-0.233928,51.7548433]],
[[-0.1251998,51.5255568],[-0.1285332,51.5192636]],
[[-2.25335,53.0097723],[-1.9189703,52.4652158]],
[[-0.0809254,50.8737286],[-0.5831894,51.2455747]],
[[-0.1742745,51.5005047],[-2.101715,57.16413]],
[[-4.2836342,55.8752442],[-2.3251831,51.3791942]],
[[-1.2545588,51.75786],[0.9515806,51.8801279]],
[[-0.1340913,51.5259105],[-1.5513552,53.804323]],
[[-0.3629521,53.7728413],[-1.1814887,52.955437]],
[[0.108564,52.205687],[0.9515806,51.8801279]],
[[0.108564,52.205687],[-0.233928,51.7548433]],
[[-3.1774647,51.4893653],[-0.5570379,51.4264165]],
[[-1.2545588,51.75786],[-0.233928,51.7548433]],
[[-0.1256987,51.5258807],[-1.1814887,52.955437]],
[[-0.5831894,51.2455747],[-2.3251831,51.3791942]],
[[-1.765276,53.7931106],[-1.9189703,52.4652158]],
[[-0.1309167,51.5263952],[-0.3429176,51.4267079]],
[[-2.6092402,51.458805],[-3.5238554,50.7418314]],
[[-1.3926128,50.8940039],[-0.5570379,51.4264165]],
[[-1.5603751,52.3793631],[-0.5831894,51.2455747]],
[[-2.7930437,56.3412484],[-3.1774647,51.4893653]],
[[-0.1742745,51.5005047],[-0.1251998,51.5255568]],
[[-3.5238554,50.7418314],[-2.7930437,56.3412484]],
[[-0.0371712,51.5269647],[-1.5729573,54.7735525]],
[[-2.9616777,53.4062464],[-2.25335,53.0097723]],
[[-4.0723927,52.1154154],[-0.1309167,51.5263952]],
[[-1.1814887,52.955437],[-2.2661666,53.4943649]],
[[-0.1285332,51.5192636],[-0.1742745,51.5005047]],
[[-0.9589876,51.4512278],[-1.5603751,52.3793631]],
[[-0.1251998,51.5255568],[-2.9616777,53.4062464]],
[[0.108564,52.205687],[-0.1251998,51.5255568]],
[[-0.1742745,51.5005047],[-0.1530862,51.5368322]],
[[-1.5603751,52.3793631],[-2.3251831,51.3791942]],
[[-1.2545588,51.75786],[-4.236597,55.8643291]],
[[-0.233928,51.7548433],[-0.1742745,51.5005047]],
[[-1.2545588,51.75786],[-2.7930437,56.3412484]],
[[0.108564,52.205687],[-2.7930437,56.3412484]],
[[-1.5729573,54.7735525],[-0.0371712,51.5269647]],
[[-2.7810559,54.0160361],[-1.5513552,53.804323]],
[[0.108564,52.205687],[-4.236597,55.8643291]],
[[-0.1285332,51.5192636],[-1.6083557,54.9835312]],
[[-1.0130483,53.9531737],[-1.9189703,52.4652158]],
[[-2.7930437,56.3412484],[-1.3081623,51.576052]],
[[-2.3251831,51.3791942],[-3.1774647,51.4893653]],
[[-1.1814887,52.955437],[1.2409636,52.6222071]],
[[-1.2186814,52.7703862],[-0.5831894,51.2455747]],
[[-3.1789046,55.9511987],[-3.5238554,50.7418314]],
[[-0.3629521,53.7728413],[-1.3926128,50.8940039]],
[[-0.1256987,51.5258807],[-1.3926128,50.8940039]],
[[-1.5513552,53.804323],[-5.796833,54.6847229]],
[[-0.1251998,51.5255568],[-0.1742745,51.5005047]],
[[-1.5729573,54.7735525],[-0.1256987,51.5258807]],
[[-0.3629521,53.7728413],[1.2409636,52.6222071]],
[[-0.4660128,51.534788],[-2.2262753,53.4716848]],
[[-2.9616777,53.4062464],[-4.0723927,52.1154154]],
[[-1.3081623,51.576052],[-3.3124514,55.9175654]],
[[-1.2186814,52.7703862],[-2.3251831,51.3791942]],
[[-3.9189648,56.1465761],[-3.1774647,51.4893653]],
[[-1.5729573,54.7735525],[-2.6092402,51.458805]],
[[-0.1256987,51.5258807],[1.2409636,52.6222071]],
[[-3.3124514,55.9175654],[-1.1814887,52.955437]],
[[-0.233928,51.7548433],[-2.7810559,54.0160361]],
[[-2.23388,53.46557],[-1.5513552,53.804323]],
[[-0.0371712,51.5269647],[-1.5513552,53.804323]],
[[1.2409636,52.6222071],[-1.4770905,53.3844867]],
[[-2.25335,53.0097723],[-2.2262753,53.4716848]],
[[-1.5513552,53.804323],[-0.1274396,51.5228397]],
[[-2.6092402,51.458805],[-0.0371712,51.5269647]],
[[-0.1251998,51.5255568],[-1.6083557,54.9835312]],
[[-1.4770905,53.3844867],[-5.9279191,54.6055484]],
[[-2.7930437,56.3412484],[-2.9616777,53.4062464]],
[[-1.1814887,52.955437],[-5.796833,54.6847229]],
[[-5.796833,54.6847229],[-3.1774647,51.4893653]],
[[-0.5831894,51.2455747],[-0.1309167,51.5263952]],
[[1.2409636,52.6222071],[-2.101715,57.16413]],
[[0.9515806,51.8801279],[-1.4770905,53.3844867]],
[[-1.0130483,53.9531737],[-3.5238554,50.7418314]],
[[-1.9189703,52.4652158],[-0.1285332,51.5192636]],
[[-1.1206706,52.6259572],[-2.101715,57.16413]],
[[-2.25335,53.0097723],[-0.0371712,51.5269647]],
[[-0.6216949,52.0753955],[-1.5513552,53.804323]],
[[-0.1340913,51.5259105],[-1.4770905,53.3844867]],
[[-4.236597,55.8643291],[-3.1774647,51.4893653]],
[[-2.25335,53.0097723],[-3.1789046,55.9511987]],
[[-3.9748977,51.6115399],[-0.1309167,51.5263952]],
[[-2.9761309,56.4598773],[-0.0371712,51.5269647]],
[[-3.1789046,55.9511987],[-0.0371712,51.5269647]],
[[-3.5238554,50.7418314],[-1.1814887,52.955437]],
[[-1.1814887,52.955437],[-0.1274396,51.5228397]],
[[-2.3251831,51.3791942],[-2.9616777,53.4062464]],
[[-2.9616777,53.4062464],[-2.3251831,51.3791942]],
[[-5.796833,54.6847229],[-0.1285332,51.5192636]],
[[-2.7930437,56.3412484],[-0.1742745,51.5005047]],
[[-0.1256987,51.5258807],[-5.796833,54.6847229]],
[[-1.1206706,52.6259572],[-0.1251998,51.5255568]],
[[0.336112,51.7202301],[-0.1285332,51.5192636]],
[[-0.1340913,51.5259105],[-2.101715,57.16413]],
[[0.336112,51.7202301],[-1.3081623,51.576052]],
[[-3.3124514,55.9175654],[-1.3926128,50.8940039]],
[[-2.7930437,56.3412484],[-1.6083557,54.9835312]],
[[-2.2262753,53.4716848],[1.2409636,52.6222071]],
[[-0.1256987,51.5258807],[-0.1274396,51.5228397]],
[[-2.9761309,56.4598773],[-2.6092402,51.458805]],
[[-2.3251831,51.3791942],[-0.1742745,51.5005047]],
[[-0.3629521,53.7728413],[0.108564,52.205687]],
[[-0.3629521,53.7728413],[-1.2545588,51.75786]],
[[-2.7930437,56.3412484],[-2.7810559,54.0160361]],
[[-1.0130483,53.9531737],[-3.1789046,55.9511987]],
[[-1.0130483,53.9531737],[-1.765276,53.7931106]],
[[-5.796833,54.6847229],[-2.9616777,53.4062464]],
[[-0.1309167,51.5263952],[-1.2186814,52.7703862]],
[[-1.2186814,52.7703862],[-0.1309167,51.5263952]],
[[-0.1256987,51.5258807],[-1.1206706,52.6259572]],
[[-2.7810559,54.0160361],[-2.101715,57.16413]],
[[-4.236597,55.8643291],[-2.9616777,53.4062464]],
[[-0.1742745,51.5005047],[-0.5831894,51.2455747]],
[[-3.5238554,50.7418314],[-1.3926128,50.8940039]],
[[-0.9589876,51.4512278],[-3.1774647,51.4893653]],
[[-2.7930437,56.3412484],[-3.9748977,51.6115399]],
[[-1.5513552,53.804323],[-0.9589876,51.4512278]],
[[-1.3081623,51.576052],[0.9515806,51.8801279]],
[[-1.4770905,53.3844867],[-1.6083557,54.9835312]],
[[-2.2262753,53.4716848],[-5.796833,54.6847229]],
[[-0.5570379,51.4264165],[-1.1814887,52.955437]],
[[1.0741169,51.3013948],[-2.2262753,53.4716848]],
[[-0.0371712,51.5269647],[-2.2262753,53.4716848]],
[[-0.1285332,51.5192636],[-1.9189703,52.4652158]],
[[-2.25335,53.0097723],[-1.5513552,53.804323]],
[[-3.5238554,50.7418314],[1.2409636,52.6222071]],
[[-2.2262753,53.4716848],[0.1332775,52.176315]],
[[-1.5729573,54.7735525],[-1.0130483,53.9531737]],
[[-1.1206706,52.6259572],[-2.25335,53.0097723]],
[[-5.796833,54.6847229],[-0.1742745,51.5005047]],
[[-2.7930437,56.3412484],[-3.9189648,56.1465761]],
[[-0.1742745,51.5005047],[-2.3251831,51.3791942]],
[[-3.9189648,56.1465761],[-1.6083557,54.9835312]],
[[-1.765276,53.7931106],[-1.5513552,53.804323]],
[[-0.4660128,51.534788],[-0.233928,51.7548433]],
[[-1.9189703,52.4652158],[-1.6083557,54.9835312]],
[[-0.9589876,51.4512278],[-1.3081623,51.576052]],
[[-0.1309167,51.5263952],[-0.1142124,51.5159343]],
[[-0.1309167,51.5263952],[-1.0130483,53.9531737]],
[[-1.2545588,51.75786],[1.2409636,52.6222071]],
[[-0.233928,51.7548433],[-1.9189703,52.4652158]],
[[-0.1256987,51.5258807],[0.336112,51.7202301]],
[[-2.2262753,53.4716848],[-0.1274396,51.5228397]],
[[-0.1274396,51.5228397],[-2.2262753,53.4716848]],
[[-0.0371712,51.5269647],[-2.101715,57.16413]],
[[-1.1814887,52.955437],[-0.9589876,51.4512278]],
[[0.336112,51.7202301],[-1.6083557,54.9835312]],
[[-5.796833,54.6847229],[-1.6083557,54.9835312]],
[[-1.4770905,53.3844867],[-3.9748977,51.6115399]],
[[-0.6216949,52.0753955],[-1.4770905,53.3844867]],
[[-0.1340913,51.5259105],[-2.25335,53.0097723]],
[[-0.1251998,51.5255568],[-1.9189703,52.4652158]],
[[-1.6083557,54.9835312],[-4.2836342,55.8752442]],
[[-4.236597,55.8643291],[-1.6083557,54.9835312]],
[[-1.3081623,51.576052],[-2.7930437,56.3412484]],
[[0.336112,51.7202301],[-2.7810559,54.0160361]],
[[-1.9189703,52.4652158],[-3.9748977,51.6115399]],
[[-3.3124514,55.9175654],[0.108564,52.205687]],
[[-3.5238554,50.7418314],[-5.796833,54.6847229]],
[[-0.1530862,51.5368322],[4.8999019,61.0476494]],
[[-3.3124514,55.9175654],[-1.2545588,51.75786]],
[[-0.9589876,51.4512278],[-2.9616777,53.4062464]],
[[-0.5570379,51.4264165],[-1.3926128,50.8940039]],
[[-0.1309167,51.5263952],[-1.5729573,54.7735525]],
[[-1.1206706,52.6259572],[-4.0723927,52.1154154]],
[[-1.4770905,53.3844867],[-3.9189648,56.1465761]],
[[-1.9189703,52.4652158],[-3.9189648,56.1465761]],
[[-3.1774647,51.4893653],[-0.0371712,51.5269647]],
[[-1.5513552,53.804323],[-1.5603751,52.3793631]],
[[0.108564,52.205687],[-5.796833,54.6847229]],
[[-2.6092402,51.458805],[-0.0809254,50.8737286]],
[[0.108564,52.205687],[0.1332775,52.176315]],
[[0.336112,51.7202301],[-0.1142124,51.5159343]],
[[-5.796833,54.6847229],[-3.9748977,51.6115399]],
[[-0.233928,51.7548433],[-3.5238554,50.7418314]],
[[-1.4770905,53.3844867],[1.0741169,51.3013948]],
[[-2.6092402,51.458805],[-0.6216949,52.0753955]],
[[-0.1530862,51.5368322],[0.108564,52.205687]],
[[-1.3926128,50.8940039],[-0.0371712,51.5269647]],
[[-0.1530862,51.5368322],[-1.2545588,51.75786]],
[[0.108564,52.205687],[-0.1274396,51.5228397]],
[[-0.9589876,51.4512278],[-0.1742745,51.5005047]],
[[-2.101715,57.16413],[-0.1309167,51.5263952]],
[[-1.9189703,52.4652158],[1.0741169,51.3013948]],
[[-1.2545588,51.75786],[-0.1274396,51.5228397]],
[[1.2409636,52.6222071],[-0.5831894,51.2455747]],
[[-3.5238554,50.7418314],[0.108564,52.205687]],
[[-3.5238554,50.7418314],[-1.1206706,52.6259572]],
[[-3.5238554,50.7418314],[-1.2545588,51.75786]],
[[-1.1206706,52.6259572],[-0.5831894,51.2455747]],
[[-2.9761309,56.4598773],[-1.0130483,53.9531737]],
[[-3.1774647,51.4893653],[-0.1256987,51.5258807]],
[[-0.5831894,51.2455747],[-4.2836342,55.8752442]],
[[-1.3926128,50.8940039],[-0.1256987,51.5258807]],
[[-1.1814887,52.955437],[-1.5603751,52.3793631]],
[[-2.6092402,51.458805],[-2.101715,57.16413]],
[[-2.7930437,56.3412484],[-1.9189703,52.4652158]],
[[-4.236597,55.8643291],[-3.9189648,56.1465761]],
[[-0.1285332,51.5192636],[-3.1789046,55.9511987]],
[[1.2409636,52.6222071],[-2.3251831,51.3791942]],
[[-2.25335,53.0097723],[-1.4770905,53.3844867]],
[[-1.1206706,52.6259572],[-2.3251831,51.3791942]],
[[-5.9279191,54.6055484],[-0.0371712,51.5269647]],
[[0.336112,51.7202301],[1.0741169,51.3013948]],
[[-2.9761309,56.4598773],[-0.1340913,51.5259105]],
[[-0.9589876,51.4512278],[-1.6083557,54.9835312]],
[[-0.3429176,51.4267079],[-0.1742745,51.5005047]],
[[-1.765276,53.7931106],[-1.4770905,53.3844867]],
[[-2.6092402,51.458805],[-0.1251998,51.5255568]],
[[-0.9589876,51.4512278],[-2.7810559,54.0160361]],
[[-2.9761309,56.4598773],[-1.5729573,54.7735525]],
[[-2.2262753,53.4716848],[-0.9589876,51.4512278]],
[[1.0741169,51.3013948],[0.9515806,51.8801279]],
[[-0.0371712,51.5269647],[-2.25335,53.0097723]],
[[-3.9748977,51.6115399],[-4.2836342,55.8752442]],
[[-2.3251831,51.3791942],[-1.9189703,52.4652158]],
[[-3.5238554,50.7418314],[0.336112,51.7202301]],
[[-0.233928,51.7548433],[-3.1789046,55.9511987]],
[[-0.5570379,51.4264165],[-0.1274396,51.5228397]],
[[-0.1340913,51.5259105],[-2.3251831,51.3791942]],
[[-1.6083557,54.9835312],[-0.0371712,51.5269647]],
[[-2.7930437,56.3412484],[-3.5238554,50.7418314]],
[[-0.4660128,51.534788],[-1.1814887,52.955437]],
[[-0.1742745,51.5005047],[-0.5570379,51.4264165]],
[[-1.3081623,51.576052],[-1.1814887,52.955437]],
[[-3.9189648,56.1465761],[-1.9189703,52.4652158]],
[[-4.0723927,52.1154154],[-2.6092402,51.458805]],
[[-0.5831894,51.2455747],[-0.3429176,51.4267079]],
[[-1.0130483,53.9531737],[-0.6216949,52.0753955]],
[[-0.1251998,51.5255568],[-3.1789046,55.9511987]],
[[-0.5570379,51.4264165],[-1.1206706,52.6259572]],
[[-2.7810559,54.0160361],[-0.5831894,51.2455747]],
[[-0.0371712,51.5269647],[-2.7930437,56.3412484]],
[[-1.0130483,53.9531737],[-1.4770905,53.3844867]],
[[-1.5729573,54.7735525],[-2.9761309,56.4598773]],
[[-3.5238554,50.7418314],[-0.9589876,51.4512278]],
[[-1.6083557,54.9835312],[-0.1256987,51.5258807]],
[[-1.2186814,52.7703862],[-4.2836342,55.8752442]],
[[0.336112,51.7202301],[-0.6745832,51.3768761]],
[[-0.1309167,51.5263952],[-2.9761309,56.4598773]],
[[-3.1774647,51.4893653],[-1.2186814,52.7703862]],
[[-2.3251831,51.3791942],[-3.5238554,50.7418314]],
[[-1.3081623,51.576052],[-2.2661666,53.4943649]],
[[-1.6083557,54.9835312],[-2.6092402,51.458805]],
[[-1.0130483,53.9531737],[-2.101715,57.16413]],
[[-5.796833,54.6847229],[-1.9189703,52.4652158]],
[[-1.2545588,51.75786],[-0.9589876,51.4512278]],
[[0.108564,52.205687],[-0.9589876,51.4512278]],
[[-1.4770905,53.3844867],[-3.5238554,50.7418314]],
[[-4.236597,55.8643291],[-1.9189703,52.4652158]],
[[-1.3926128,50.8940039],[-1.2186814,52.7703862]],
[[-0.1285332,51.5192636],[-1.5513552,53.804323]],
[[-2.23388,53.46557],[-0.5831894,51.2455747]],
[[-3.3124514,55.9175654],[-1.5603751,52.3793631]],
[[-0.0371712,51.5269647],[-0.5831894,51.2455747]],
[[-0.5831894,51.2455747],[-0.0371712,51.5269647]],
[[-0.4660128,51.534788],[-1.3926128,50.8940039]],
[[-0.5570379,51.4264165],[0.336112,51.7202301]],
[[1.2409636,52.6222071],[-0.1309167,51.5263952]],
[[-1.9189703,52.4652158],[-3.5238554,50.7418314]],
[[-2.6092402,51.458805],[-2.25335,53.0097723]],
[[-2.7930437,56.3412484],[-0.0371712,51.5269647]],
[[-1.5513552,53.804323],[-3.1774647,51.4893653]],
[[-1.5729573,54.7735525],[-2.2262753,53.4716848]],
[[0.9515806,51.8801279],[-0.1309167,51.5263952]],
[[-4.2836342,55.8752442],[-0.1256987,51.5258807]],
[[-0.233928,51.7548433],[-1.5513552,53.804323]],
[[-1.3081623,51.576052],[1.2409636,52.6222071]],
[[-1.5729573,54.7735525],[-3.3124514,55.9175654]],
[[0.336112,51.7202301],[-3.5238554,50.7418314]],
[[-2.25335,53.0097723],[-1.3926128,50.8940039]],
[[-3.1774647,51.4893653],[-1.0130483,53.9531737]],
[[-0.0371712,51.5269647],[-2.3251831,51.3791942]],
[[-0.1309167,51.5263952],[-3.3124514,55.9175654]],
[[-5.796833,54.6847229],[-3.5238554,50.7418314]],
[[-0.5570379,51.4264165],[-0.9589876,51.4512278]],
[[-3.5238554,50.7418314],[-1.5603751,52.3793631]],
[[-1.3926128,50.8940039],[-1.0130483,53.9531737]],
[[-0.1251998,51.5255568],[-1.5513552,53.804323]],
[[-0.5831894,51.2455747],[-2.6092402,51.458805]],
[[-0.5831894,51.2455747],[-1.3081623,51.576052]],
[[-1.5513552,53.804323],[-0.1285332,51.5192636]],
[[-3.1789046,55.9511987],[-2.25335,53.0097723]],
[[-3.1774647,51.4893653],[-0.1340913,51.5259105]],
[[-2.6092402,51.458805],[-4.0723927,52.1154154]],
[[-1.5513552,53.804323],[-1.3081623,51.576052]],
[[-0.0809254,50.8737286],[-2.6092402,51.458805]],
[[-1.1206706,52.6259572],[-0.5570379,51.4264165]],
[[-0.6216949,52.0753955],[-2.3251831,51.3791942]],
[[-2.3251831,51.3791942],[-3.1789046,55.9511987]],
[[-1.4770905,53.3844867],[-1.765276,53.7931106]],
[[-3.9748977,51.6115399],[-2.6092402,51.458805]],
[[-1.4770905,53.3844867],[-0.0371712,51.5269647]],
[[-0.3629521,53.7728413],[-3.1774647,51.4893653]],
[[4.8999019,61.0476494],[-0.1285332,51.5192636]],
[[-3.1774647,51.4893653],[-1.5729573,54.7735525]],
[[-0.9589876,51.4512278],[-1.9189703,52.4652158]],
[[-1.3926128,50.8940039],[-0.1340913,51.5259105]],
[[-1.6083557,54.9835312],[-1.2186814,52.7703862]],
[[-3.9189648,56.1465761],[-3.1789046,55.9511987]],
[[-1.5729573,54.7735525],[-0.3629521,53.7728413]],
[[-1.9189703,52.4652158],[-0.0371712,51.5269647]],
[[-1.1814887,52.955437],[-5.9279191,54.6055484]],
[[-1.3926128,50.8940039],[-1.5729573,54.7735525]],
[[-1.9189703,52.4652158],[-1.765276,53.7931106]],
[[-0.1256987,51.5258807],[-3.1774647,51.4893653]],
[[-3.1789046,55.9511987],[-4.0723927,52.1154154]],
[[-2.6092402,51.458805],[-0.5831894,51.2455747]],
[[-0.1309167,51.5263952],[-0.3629521,53.7728413]],
[[-2.7930437,56.3412484],[-1.5513552,53.804323]],
[[0.336112,51.7202301],[-0.0371712,51.5269647]],
[[-1.3926128,50.8940039],[-0.4660128,51.534788]],
[[-0.1142124,51.5159343],[-0.1309167,51.5263952]],
[[-2.9761309,56.4598773],[-3.3124514,55.9175654]],
[[-0.1256987,51.5258807],[-0.1285332,51.5192636]],
[[-5.796833,54.6847229],[-3.1789046,55.9511987]],
[[-0.1274396,51.5228397],[-1.1814887,52.955437]],
[[-2.9761309,56.4598773],[-2.2262753,53.4716848]],
[[-5.796833,54.6847229],[-1.765276,53.7931106]],
[[-0.3429176,51.4267079],[-1.9189703,52.4652158]],
[[-1.3926128,50.8940039],[-2.23388,53.46557]],
[[-1.3081623,51.576052],[-1.1206706,52.6259572]],
[[-0.4660128,51.534788],[-1.2545588,51.75786]],
[[-1.2186814,52.7703862],[-2.6092402,51.458805]],
[[-1.6083557,54.9835312],[-1.0130483,53.9531737]],
[[-0.4660128,51.534788],[0.108564,52.205687]],
[[-0.9589876,51.4512278],[-3.5238554,50.7418314]],
[[-5.9279191,54.6055484],[-1.4770905,53.3844867]],
[[-0.233928,51.7548433],[-0.0809254,50.8737286]],
[[-4.2836342,55.8752442],[-1.2186814,52.7703862]],
[[-3.1789046,55.9511987],[-0.5831894,51.2455747]],
[[-1.1814887,52.955437],[-2.9616777,53.4062464]],
[[-0.5831894,51.2455747],[-1.2186814,52.7703862]],
[[-0.233928,51.7548433],[-0.6216949,52.0753955]],
[[-0.233928,51.7548433],[-1.4770905,53.3844867]],
[[-2.3251831,51.3791942],[-1.5513552,53.804323]],
[[-2.25335,53.0097723],[-1.2545588,51.75786]],
[[-0.0371712,51.5269647],[-1.3926128,50.8940039]],
[[-1.6083557,54.9835312],[-0.1340913,51.5259105]],
[[1.0741169,51.3013948],[-1.3926128,50.8940039]],
[[-2.25335,53.0097723],[0.108564,52.205687]],
[[-0.1251998,51.5255568],[-0.0809254,50.8737286]],
[[-1.5513552,53.804323],[-1.6083557,54.9835312]],
[[-0.1256987,51.5258807],[-2.9616777,53.4062464]],
[[-2.9616777,53.4062464],[-0.1256987,51.5258807]],
[[-0.6216949,52.0753955],[-0.1309167,51.5263952]],
[[-3.1789046,55.9511987],[-2.3251831,51.3791942]],
[[-0.233928,51.7548433],[-2.101715,57.16413]],
[[4.8999019,61.0476494],[-0.1742745,51.5005047]],
[[-0.1742745,51.5005047],[-0.3429176,51.4267079]],
[[-0.4660128,51.534788],[0.336112,51.7202301]],
[[-0.1309167,51.5263952],[0.9515806,51.8801279]],
[[-1.5729573,54.7735525],[-0.233928,51.7548433]],
[[-1.5513552,53.804323],[-2.7810559,54.0160361]],
[[-1.3081623,51.576052],[0.336112,51.7202301]],
[[-0.1251998,51.5255568],[-1.4770905,53.3844867]],
[[-3.9189648,56.1465761],[-1.5513552,53.804323]],
[[-1.5603751,52.3793631],[-1.2186814,52.7703862]],
[[-0.6745832,51.3768761],[-0.1309167,51.5263952]],
[[-4.2836342,55.8752442],[-1.0130483,53.9531737]],
[[-0.1274396,51.5228397],[-1.3926128,50.8940039]],
[[-0.5831894,51.2455747],[-1.0130483,53.9531737]],
[[-1.0130483,53.9531737],[-0.5831894,51.2455747]],
[[-0.1251998,51.5255568],[-2.101715,57.16413]],
[[-0.1309167,51.5263952],[-0.233928,51.7548433]],
[[-1.5513552,53.804323],[-3.9748977,51.6115399]],
[[-5.796833,54.6847229],[-1.5513552,53.804323]],
[[-0.1530862,51.5368322],[-3.1774647,51.4893653]],
[[-1.1814887,52.955437],[-1.6083557,54.9835312]],
[[-4.2836342,55.8752442],[-0.1340913,51.5259105]],
[[-0.9589876,51.4512278],[-3.1789046,55.9511987]],
[[-4.236597,55.8643291],[-1.5513552,53.804323]],
[[-1.3081623,51.576052],[-0.9589876,51.4512278]],
[[-1.0130483,53.9531737],[-2.3251831,51.3791942]],
[[-1.5729573,54.7735525],[-2.7930437,56.3412484]],
[[-2.7930437,56.3412484],[-0.0809254,50.8737286]],
[[-3.1774647,51.4893653],[-2.9761309,56.4598773]],
[[-1.1814887,52.955437],[-2.7810559,54.0160361]],
[[-4.2836342,55.8752442],[-1.5729573,54.7735525]],
[[-1.5729573,54.7735525],[-4.236597,55.8643291]],
[[-3.5238554,50.7418314],[-3.1774647,51.4893653]],
[[-2.101715,57.16413],[-0.0371712,51.5269647]],
[[-1.5603751,52.3793631],[-1.0130483,53.9531737]],
[[-0.5831894,51.2455747],[-1.5729573,54.7735525]],
[[-0.1309167,51.5263952],[-2.7930437,56.3412484]],
[[-1.3926128,50.8940039],[-2.9761309,56.4598773]],
[[-0.1309167,51.5263952],[-4.236597,55.8643291]],
[[-1.1206706,52.6259572],[-4.2836342,55.8752442]],
[[-0.1251998,51.5255568],[-0.1530862,51.5368322]],
[[1.2409636,52.6222071],[-4.2836342,55.8752442]],
[[-1.5513552,53.804323],[-3.9189648,56.1465761]],
[[-0.3629521,53.7728413],[-2.7810559,54.0160361]],
[[-0.1256987,51.5258807],[-1.6083557,54.9835312]],
[[-2.101715,57.16413],[-0.1256987,51.5258807]],
[[-2.7930437,56.3412484],[-1.4770905,53.3844867]],
[[-1.1814887,52.955437],[-3.9748977,51.6115399]],
[[-0.0809254,50.8737286],[-1.5729573,54.7735525]],
[[-4.2836342,55.8752442],[-0.4660128,51.534788]],
[[-0.5831894,51.2455747],[-0.4660128,51.534788]],
[[-2.7930437,56.3412484],[-2.101715,57.16413]],
[[-2.101715,57.16413],[-2.6092402,51.458805]],
[[-0.1340913,51.5259105],[-4.2836342,55.8752442]],
[[-1.5513552,53.804323],[1.0741169,51.3013948]],
[[-3.9748977,51.6115399],[-1.5729573,54.7735525]],
[[-0.5831894,51.2455747],[-2.23388,53.46557]],
[[-1.5603751,52.3793631],[-0.1340913,51.5259105]],
[[-0.0371712,51.5269647],[-1.1206706,52.6259572]],
[[-2.9616777,53.4062464],[-1.2186814,52.7703862]],
[[-1.5603751,52.3793631],[-1.5729573,54.7735525]],
[[-1.2545588,51.75786],[-0.1285332,51.5192636]],
[[-1.2545588,51.75786],[-5.9279191,54.6055484]],
[[1.0741169,51.3013948],[0.108564,52.205687]],
[[1.0741169,51.3013948],[-1.2545588,51.75786]],
[[-1.1814887,52.955437],[-3.9189648,56.1465761]],
[[-0.0371712,51.5269647],[0.108564,52.205687]],
[[-1.765276,53.7931106],[-0.1309167,51.5263952]],
[[-2.3251831,51.3791942],[-0.6216949,52.0753955]],
[[0.108564,52.205687],[-0.1285332,51.5192636]],
[[1.0741169,51.3013948],[-1.1206706,52.6259572]],
[[-3.3124514,55.9175654],[-0.1742745,51.5005047]],
[[-2.3251831,51.3791942],[-1.4770905,53.3844867]],
[[-2.6092402,51.458805],[-0.5570379,51.4264165]],
[[-0.233928,51.7548433],[-2.25335,53.0097723]],
[[-1.3926128,50.8940039],[-3.3124514,55.9175654]],
[[-0.1530862,51.5368322],[-2.9616777,53.4062464]],
[[-1.4770905,53.3844867],[-0.6216949,52.0753955]],
[[-0.1274396,51.5228397],[0.108564,52.205687]],
[[-0.9589876,51.4512278],[-1.5513552,53.804323]],
[[-0.1274396,51.5228397],[-1.2545588,51.75786]],
[[-1.9189703,52.4652158],[-0.6216949,52.0753955]],
[[-0.5570379,51.4264165],[-3.1774647,51.4893653]],
[[-3.5238554,50.7418314],[-2.9616777,53.4062464]],
[[-2.2661666,53.4943649],[-1.6083557,54.9835312]],
[[-2.9761309,56.4598773],[-0.1251998,51.5255568]],
[[-0.4660128,51.534788],[-1.5603751,52.3793631]],
[[-1.5603751,52.3793631],[-0.4660128,51.534788]],
[[-0.1274396,51.5228397],[-1.1206706,52.6259572]],
[[-1.6083557,54.9835312],[-2.9761309,56.4598773]],
[[0.336112,51.7202301],[-0.0809254,50.8737286]],
[[-2.2661666,53.4943649],[-2.7810559,54.0160361]],
[[-2.9761309,56.4598773],[-4.236597,55.8643291]],
[[-1.4770905,53.3844867],[-2.101715,57.16413]],
[[-3.9189648,56.1465761],[-1.4770905,53.3844867]],
[[-0.0371712,51.5269647],[0.336112,51.7202301]],
[[-1.9189703,52.4652158],[-2.101715,57.16413]],
[[-3.9189648,56.1465761],[-2.101715,57.16413]],
[[-1.0130483,53.9531737],[-0.1309167,51.5263952]],
[[-2.25335,53.0097723],[-1.5603751,52.3793631]],
[[1.0741169,51.3013948],[0.336112,51.7202301]],
[[-0.1530862,51.5368322],[-0.1742745,51.5005047]],
[[-1.2186814,52.7703862],[-0.4660128,51.534788]],
[[-4.0723927,52.1154154],[-2.2262753,53.4716848]],
[[-5.796833,54.6847229],[-1.4770905,53.3844867]],
[[-3.1774647,51.4893653],[-0.3629521,53.7728413]],
[[-0.1285332,51.5192636],[4.8999019,61.0476494]],
[[-3.5238554,50.7418314],[-0.1742745,51.5005047]],
[[-2.2262753,53.4716848],[-3.9748977,51.6115399]],
[[-2.9616777,53.4062464],[-0.1340913,51.5259105]],
[[-1.1206706,52.6259572],[-0.0371712,51.5269647]],
[[-5.796833,54.6847229],[-2.101715,57.16413]],
[[-0.1274396,51.5228397],[0.336112,51.7202301]],
[[-4.236597,55.8643291],[-1.4770905,53.3844867]],
[[0.336112,51.7202301],[-2.101715,57.16413]],
[[-1.3926128,50.8940039],[-0.3629521,53.7728413]],
[[1.2409636,52.6222071],[-0.0371712,51.5269647]],
[[-2.2262753,53.4716848],[-0.1142124,51.5159343]],
[[4.8999019,61.0476494],[-0.6745832,51.3768761]],
[[-2.9616777,53.4062464],[-1.5729573,54.7735525]],
[[-4.236597,55.8643291],[-2.101715,57.16413]],
[[-0.1742745,51.5005047],[-1.2186814,52.7703862]],
[[-3.5238554,50.7418314],[-1.6083557,54.9835312]],
[[1.2409636,52.6222071],[-0.1256987,51.5258807]],
[[-2.2262753,53.4716848],[-3.9189648,56.1465761]],
[[-1.1206706,52.6259572],[-0.1256987,51.5258807]],
[[0.1332775,52.176315],[-0.1251998,51.5255568]],
[[-3.5238554,50.7418314],[-2.7810559,54.0160361]],
[[-0.1340913,51.5259105],[-0.0371712,51.5269647]],
[[-1.1206706,52.6259572],[-1.3081623,51.576052]],
[[0.108564,52.205687],[-1.6083557,54.9835312]],
[[-1.1206706,52.6259572],[-2.6092402,51.458805]],
[[-2.9616777,53.4062464],[-0.4660128,51.534788]],
[[-0.1309167,51.5263952],[-2.2661666,53.4943649]],
[[-1.5513552,53.804323],[-3.5238554,50.7418314]],
[[1.2409636,52.6222071],[-2.6092402,51.458805]],
[[-0.3629521,53.7728413],[-1.9189703,52.4652158]],
[[-0.1251998,51.5255568],[4.8999019,61.0476494]],
[[-0.1274396,51.5228397],[-0.9589876,51.4512278]],
[[-1.5729573,54.7735525],[-1.3926128,50.8940039]],
[[-0.1256987,51.5258807],[-1.9189703,52.4652158]],
[[-2.2262753,53.4716848],[1.0741169,51.3013948]],
[[-2.101715,57.16413],[-1.0130483,53.9531737]],
[[-0.1742745,51.5005047],[-0.1142124,51.5159343]],
[[-2.3251831,51.3791942],[-2.25335,53.0097723]],
[[-4.2836342,55.8752442],[-3.3124514,55.9175654]],
[[-0.1340913,51.5259105],[-2.6092402,51.458805]],
[[-0.1742745,51.5005047],[-1.0130483,53.9531737]],
[[-0.5570379,51.4264165],[-0.1742745,51.5005047]],
[[-1.5603751,52.3793631],[-2.9761309,56.4598773]],
[[0.108564,52.205687],[-3.9748977,51.6115399]],
[[-2.9761309,56.4598773],[-1.1814887,52.955437]],
[[-0.9589876,51.4512278],[-1.4770905,53.3844867]],
[[-0.5831894,51.2455747],[-2.2262753,53.4716848]],
[[-1.1814887,52.955437],[-3.5238554,50.7418314]],
[[-1.4770905,53.3844867],[-2.25335,53.0097723]],
[[-0.1309167,51.5263952],[1.2409636,52.6222071]],
[[-1.2545588,51.75786],[-3.9748977,51.6115399]],
[[-1.3926128,50.8940039],[0.9515806,51.8801279]],
[[-0.5831894,51.2455747],[-3.3124514,55.9175654]],
[[-0.0371712,51.5269647],[-0.3429176,51.4267079]],
[[-2.101715,57.16413],[-0.1340913,51.5259105]],
[[0.108564,52.205687],[-0.1142124,51.5159343]],
[[-1.9189703,52.4652158],[-2.25335,53.0097723]],
[[-0.9589876,51.4512278],[-2.101715,57.16413]],
[[1.0741169,51.3013948],[-1.5603751,52.3793631]],
[[-1.3926128,50.8940039],[-0.233928,51.7548433]],
[[-0.0371712,51.5269647],[-1.5603751,52.3793631]],
[[-2.101715,57.16413],[-1.5729573,54.7735525]],
[[-3.9748977,51.6115399],[-2.2262753,53.4716848]],
[[-1.2545588,51.75786],[-3.9189648,56.1465761]],
[[-3.1774647,51.4893653],[-0.1251998,51.5255568]],
[[-0.1256987,51.5258807],[-3.5238554,50.7418314]],
[[-0.1742745,51.5005047],[-1.5729573,54.7735525]],
[[-2.2661666,53.4943649],[-1.9189703,52.4652158]],
[[-1.5513552,53.804323],[-0.0371712,51.5269647]],
[[-3.1774647,51.4893653],[-2.7930437,56.3412484]],
[[-5.796833,54.6847229],[-2.25335,53.0097723]],
[[-1.5513552,53.804323],[-1.765276,53.7931106]],
[[-1.5729573,54.7735525],[-5.796833,54.6847229]],
[[-2.7810559,54.0160361],[-2.6092402,51.458805]],
[[-3.1774647,51.4893653],[-4.236597,55.8643291]],
[[-0.1274396,51.5228397],[-1.5603751,52.3793631]],
[[-2.7930437,56.3412484],[-0.5831894,51.2455747]],
[[0.336112,51.7202301],[-2.25335,53.0097723]],
[[-1.5603751,52.3793631],[-3.3124514,55.9175654]],
[[1.2409636,52.6222071],[-1.2186814,52.7703862]],
[[-1.1206706,52.6259572],[-1.2186814,52.7703862]],
[[0.108564,52.205687],[1.0741169,51.3013948]],
[[-1.3926128,50.8940039],[-2.7930437,56.3412484]],
[[-1.2545588,51.75786],[1.0741169,51.3013948]],
[[-0.1309167,51.5263952],[0.1332775,52.176315]],
[[-1.4770905,53.3844867],[-4.0723927,52.1154154]],
[[-0.1285332,51.5192636],[-0.1309167,51.5263952]],
[[-1.3926128,50.8940039],[-4.236597,55.8643291]],
[[-0.1742745,51.5005047],[-2.23388,53.46557]],
[[-3.3124514,55.9175654],[-1.9189703,52.4652158]],
[[-2.9761309,56.4598773],[-1.3926128,50.8940039]],
[[-1.9189703,52.4652158],[-4.0723927,52.1154154]],
[[-2.7930437,56.3412484],[-2.3251831,51.3791942]],
[[-1.2186814,52.7703862],[-3.3124514,55.9175654]],
[[-1.7884589,51.6031655],[-7.2324139,55.0449684]],
[[-1.1814887,52.955437],[-1.765276,53.7931106]],
[[-1.2186814,52.7703862],[-2.2262753,53.4716848]],
[[-2.9616777,53.4062464],[-2.9761309,56.4598773]],
[[-0.233928,51.7548433],[-0.1309167,51.5263952]],
[[-2.3251831,51.3791942],[-0.5831894,51.2455747]],
[[-0.0371712,51.5269647],[-0.1256987,51.5258807]],
[[-2.9761309,56.4598773],[1.2409636,52.6222071]],
[[-1.4770905,53.3844867],[-0.5831894,51.2455747]],
[[-0.0371712,51.5269647],[-2.6092402,51.458805]],
[[0.336112,51.7202301],[-4.0723927,52.1154154]],
[[-1.9189703,52.4652158],[-0.5831894,51.2455747]],
[[1.2409636,52.6222071],[-1.0130483,53.9531737]],
[[-1.1206706,52.6259572],[-1.0130483,53.9531737]],
[[-2.2262753,53.4716848],[-3.5238554,50.7418314]],
[[-0.1251998,51.5255568],[-0.1309167,51.5263952]],
[[-0.1256987,51.5258807],[-3.1789046,55.9511987]],
[[-3.5238554,50.7418314],[-1.9189703,52.4652158]],
[[-0.6216949,52.0753955],[-2.6092402,51.458805]],
[[-0.4660128,51.534788],[-2.9616777,53.4062464]],
[[-1.4770905,53.3844867],[-2.3251831,51.3791942]],
[[-1.6083557,54.9835312],[-0.1251998,51.5255568]],
[[-1.0130483,53.9531737],[-4.2836342,55.8752442]],
[[0.9515806,51.8801279],[-1.0130483,53.9531737]],
[[-1.2545588,51.75786],[-0.6745832,51.3768761]],
[[-0.6745832,51.3768761],[-2.6092402,51.458805]],
[[-1.9189703,52.4652158],[-2.3251831,51.3791942]],
[[-1.6083557,54.9835312],[-4.236597,55.8643291]],
[[-2.7810559,54.0160361],[-1.2186814,52.7703862]],
[[-1.6083557,54.9835312],[-2.7930437,56.3412484]],
[[-1.1206706,52.6259572],[-0.1340913,51.5259105]],
[[-2.9761309,56.4598773],[-5.796833,54.6847229]],
[[0.336112,51.7202301],[-0.5831894,51.2455747]],
[[-5.796833,54.6847229],[-0.5831894,51.2455747]],
[[-0.1340913,51.5259105],[-1.0130483,53.9531737]],
[[1.2409636,52.6222071],[-0.1340913,51.5259105]],
[[-1.2186814,52.7703862],[-0.3629521,53.7728413]],
[[-2.6092402,51.458805],[-0.0371712,51.5269647]],
[[-1.5729573,54.7735525],[0.336112,51.7202301]],
[[-4.2836342,55.8752442],[-0.233928,51.7548433]],
[[0.336112,51.7202301],[-2.3251831,51.3791942]],
[[-2.7930437,56.3412484],[-0.1309167,51.5263952]],
[[-4.2836342,55.8752442],[-0.1251998,51.5255568]],
[[-2.6092402,51.458805],[-0.1256987,51.5258807]],
[[-2.2661666,53.4943649],[-3.1789046,55.9511987]],
[[-0.1742745,51.5005047],[-2.9761309,56.4598773]],
[[-2.25335,53.0097723],[-0.0371712,51.5269647]],
[[-0.0809254,50.8737286],[-0.233928,51.7548433]],
[[-4.236597,55.8643291],[-2.3251831,51.3791942]],
[[-4.2836342,55.8752442],[-2.7930437,56.3412484]],
[[-2.9761309,56.4598773],[0.108564,52.205687]],
[[0.108564,52.205687],[-3.5238554,50.7418314]],
[[-2.9761309,56.4598773],[-1.1206706,52.6259572]],
[[-0.3629521,53.7728413],[-1.5513552,53.804323]],
[[-2.2262753,53.4716848],[-1.765276,53.7931106]],
[[-2.9761309,56.4598773],[-1.2545588,51.75786]],
[[-1.2545588,51.75786],[-3.5238554,50.7418314]],
[[-2.7810559,54.0160361],[-1.0130483,53.9531737]],
[[-2.2262753,53.4716848],[-0.0371712,51.5269647]],
[[-0.0371712,51.5269647],[-3.1774647,51.4893653]],
[[-0.1309167,51.5263952],[-0.9589876,51.4512278]],
[[-1.5603751,52.3793631],[-0.233928,51.7548433]],
[[-0.1256987,51.5258807],[-1.5513552,53.804323]],
[[-0.5831894,51.2455747],[-2.7930437,56.3412484]],
[[-2.3251831,51.3791942],[-0.1309167,51.5263952]],
[[-0.1274396,51.5228397],[-3.1774647,51.4893653]],
[[-2.101715,57.16413],[-2.2262753,53.4716848]],
[[-0.0809254,50.8737286],[-2.7930437,56.3412484]],
[[-3.1789046,55.9511987],[-0.1256987,51.5258807]],
[[-0.0371712,51.5269647],[-5.9279191,54.6055484]],
[[-0.6216949,52.0753955],[-1.2186814,52.7703862]],
[[1.0741169,51.3013948],[-1.3081623,51.576052]],
[[-0.1742745,51.5005047],[-3.3124514,55.9175654]],
[[-0.9589876,51.4512278],[-0.5831894,51.2455747]],
[[-4.0723927,52.1154154],[-1.1814887,52.955437]],
[[-2.7810559,54.0160361],[-1.5729573,54.7735525]],
[[-3.9748977,51.6115399],[-2.7930437,56.3412484]],
[[-0.0371712,51.5269647],[-1.3081623,51.576052]],
[[-1.5513552,53.804323],[-0.0809254,50.8737286]],
[[-1.5603751,52.3793631],[-2.7930437,56.3412484]],
[[-3.1774647,51.4893653],[1.2409636,52.6222071]],
[[-0.0371712,51.5269647],[-1.0130483,53.9531737]],
[[-1.0130483,53.9531737],[-0.0371712,51.5269647]],
[[-2.9761309,56.4598773],[0.336112,51.7202301]],
[[-3.5238554,50.7418314],[-3.1789046,55.9511987]],
[[-1.5603751,52.3793631],[-4.236597,55.8643291]],
[[-1.3926128,50.8940039],[1.2409636,52.6222071]],
[[-0.9589876,51.4512278],[-2.3251831,51.3791942]],
[[-1.5513552,53.804323],[-0.6216949,52.0753955]],
[[-1.6083557,54.9835312],[-1.1814887,52.955437]],
[[-2.2661666,53.4943649],[-1.5513552,53.804323]],
[[-1.0130483,53.9531737],[-0.1256987,51.5258807]],
[[-1.5729573,54.7735525],[-1.5603751,52.3793631]],
[[-0.3429176,51.4267079],[-0.5831894,51.2455747]],
[[-0.6216949,52.0753955],[-1.0130483,53.9531737]],
[[-0.0371712,51.5269647],[-2.9616777,53.4062464]],
[[0.108564,52.205687],[-0.0371712,51.5269647]],
[[0.1332775,52.176315],[-0.1309167,51.5263952]],
[[-0.0371712,51.5269647],[-0.1340913,51.5259105]],
[[-1.2186814,52.7703862],[-4.236597,55.8643291]],
[[-1.3081623,51.576052],[1.0741169,51.3013948]],
[[-2.6092402,51.458805],[-1.2186814,52.7703862]],
[[-1.1814887,52.955437],[-0.0809254,50.8737286]],
[[-1.0130483,53.9531737],[-2.6092402,51.458805]],
[[-4.236597,55.8643291],[-0.1309167,51.5263952]],
[[-1.0130483,53.9531737],[-1.3081623,51.576052]],
[[-0.0371712,51.5269647],[-1.5729573,54.7735525]],
[[-2.9616777,53.4062464],[0.9515806,51.8801279]],
[[-1.5513552,53.804323],[-2.101715,57.16413]],
[[-0.1285332,51.5192636],[-4.2836342,55.8752442]],
[[-3.3124514,55.9175654],[-1.5513552,53.804323]],
[[-3.1774647,51.4893653],[-5.796833,54.6847229]],
[[-0.1274396,51.5228397],[-2.9616777,53.4062464]],
[[-1.1206706,52.6259572],[-2.9761309,56.4598773]],
[[-1.6083557,54.9835312],[-2.2661666,53.4943649]],
[[-4.0723927,52.1154154],[-1.3926128,50.8940039]],
[[1.2409636,52.6222071],[-2.9761309,56.4598773]],
[[-1.1814887,52.955437],[-0.6216949,52.0753955]],
[[-1.3926128,50.8940039],[-5.796833,54.6847229]],
[[1.0741169,51.3013948],[-0.1742745,51.5005047]],
[[-0.0371712,51.5269647],[-0.1742745,51.5005047]],
[[-0.233928,51.7548433],[-4.2836342,55.8752442]],
[[-1.1814887,52.955437],[-2.101715,57.16413]],
[[-3.1789046,55.9511987],[-1.2186814,52.7703862]],
[[-1.6083557,54.9835312],[-1.3926128,50.8940039]],
[[-0.3629521,53.7728413],[-1.4770905,53.3844867]],
[[-3.1774647,51.4893653],[-0.1274396,51.5228397]],
[[-2.9616777,53.4062464],[-0.1251998,51.5255568]],
[[-0.5831894,51.2455747],[-1.1814887,52.955437]],
[[0.336112,51.7202301],[-0.5570379,51.4264165]],
[[0.1332775,52.176315],[0.336112,51.7202301]],
[[-0.1340913,51.5259105],[-2.9761309,56.4598773]],
[[-1.6083557,54.9835312],[1.2409636,52.6222071]],
[[-2.9616777,53.4062464],[-4.236597,55.8643291]],
[[-0.1274396,51.5228397],[-0.1742745,51.5005047]],
[[-0.0809254,50.8737286],[-1.1814887,52.955437]],
[[-2.6092402,51.458805],[-1.0130483,53.9531737]],
[[-0.1251998,51.5255568],[-4.2836342,55.8752442]],
[[-0.1256987,51.5258807],[-1.4770905,53.3844867]],
[[-3.5238554,50.7418314],[-1.5513552,53.804323]],
[[-0.0371712,51.5269647],[-1.6083557,54.9835312]],
[[-0.6216949,52.0753955],[-0.4660128,51.534788]],
[[-2.9616777,53.4062464],[-2.7930437,56.3412484]],
[[-1.3926128,50.8940039],[-0.1274396,51.5228397]],
[[-0.1256987,51.5258807],[-2.101715,57.16413]],
[[1.2409636,52.6222071],[-2.2262753,53.4716848]],
[[-3.1774647,51.4893653],[-1.1206706,52.6259572]],
[[-3.9748977,51.6115399],[-1.1814887,52.955437]],
[[4.8999019,61.0476494],[-0.1530862,51.5368322]],
[[-1.3926128,50.8940039],[-1.1206706,52.6259572]],
[[-1.5603751,52.3793631],[-1.1814887,52.955437]],
[[-0.9589876,51.4512278],[-0.1309167,51.5263952]],
[[-2.6092402,51.458805],[-0.1340913,51.5259105]],
[[-0.1274396,51.5228397],[-1.6083557,54.9835312]],
[[-2.9761309,56.4598773],[-1.5603751,52.3793631]],
[[-3.1789046,55.9511987],[-1.0130483,53.9531737]],
[[-1.765276,53.7931106],[-1.0130483,53.9531737]],
[[-2.6092402,51.458805],[-1.5729573,54.7735525]],
[[-2.101715,57.16413],[-0.233928,51.7548433]],
[[-0.5831894,51.2455747],[-1.3926128,50.8940039]],
[[-0.1742745,51.5005047],[-0.233928,51.7548433]],
[[-4.2836342,55.8752442],[1.2409636,52.6222071]],
[[-1.6083557,54.9835312],[-5.796833,54.6847229]],
[[-2.25335,53.0097723],[-0.1340913,51.5259105]],
[[-2.2661666,53.4943649],[-1.4770905,53.3844867]],
[[-0.0809254,50.8737286],[-1.3926128,50.8940039]],
[[-2.7930437,56.3412484],[-4.2836342,55.8752442]],
[[-0.5831894,51.2455747],[1.2409636,52.6222071]],
[[-2.2262753,53.4716848],[-0.6216949,52.0753955]],
[[-2.25335,53.0097723],[-1.5729573,54.7735525]],
[[-2.101715,57.16413],[-0.1251998,51.5255568]],
[[-1.5513552,53.804323],[-2.25335,53.0097723]],
[[-0.3429176,51.4267079],[-0.1309167,51.5263952]],
[[-0.9589876,51.4512278],[-0.5570379,51.4264165]],
[[-3.9748977,51.6115399],[-1.3926128,50.8940039]],
[[-2.101715,57.16413],[-2.7930437,56.3412484]],
[[-2.101715,57.16413],[-4.236597,55.8643291]],
[[-4.0723927,52.1154154],[0.108564,52.205687]],
[[-4.0723927,52.1154154],[-1.1206706,52.6259572]],
[[-0.4660128,51.534788],[-3.5238554,50.7418314]],
[[-0.5570379,51.4264165],[-1.5513552,53.804323]],
[[-3.3124514,55.9175654],[-1.4770905,53.3844867]],
[[-4.0723927,52.1154154],[-1.2545588,51.75786]],
[[-1.765276,53.7931106],[-1.5729573,54.7735525]],
[[1.2409636,52.6222071],[-0.3629521,53.7728413]],
[[-1.6083557,54.9835312],[-0.1274396,51.5228397]],
[[-0.233928,51.7548433],[-0.0371712,51.5269647]],
[[-0.0371712,51.5269647],[-2.9761309,56.4598773]],
[[-2.2262753,53.4716848],[-2.101715,57.16413]],
[[-0.1285332,51.5192636],[-0.1256987,51.5258807]],
[[-1.5603751,52.3793631],[-1.3926128,50.8940039]],
[[-0.1742745,51.5005047],[-2.7930437,56.3412484]],
[[-1.6083557,54.9835312],[-1.1206706,52.6259572]],
[[-1.6083557,54.9835312],[0.108564,52.205687]],
[[-3.5238554,50.7418314],[-0.0809254,50.8737286]],
[[-1.5729573,54.7735525],[-3.1774647,51.4893653]],
[[-3.1774647,51.4893653],[-0.9589876,51.4512278]],
[[-2.3251831,51.3791942],[-4.2836342,55.8752442]],
[[-1.1814887,52.955437],[-2.25335,53.0097723]],
[[-4.2836342,55.8752442],[-5.796833,54.6847229]],
[[-1.5603751,52.3793631],[1.2409636,52.6222071]],
[[-2.25335,53.0097723],[-3.5238554,50.7418314]],
[[-3.1789046,55.9511987],[-0.4660128,51.534788]],
[[-2.9616777,53.4062464],[-1.1814887,52.955437]],
[[-1.3926128,50.8940039],[-0.9589876,51.4512278]],
[[-1.5513552,53.804323],[-4.0723927,52.1154154]],
[[-0.233928,51.7548433],[-0.1256987,51.5258807]],
[[-0.5831894,51.2455747],[-5.796833,54.6847229]],
[[-0.1142124,51.5159343],[-2.2262753,53.4716848]],
[[-1.0130483,53.9531737],[-0.1340913,51.5259105]],
[[-2.2661666,53.4943649],[-4.236597,55.8643291]],
[[-1.0130483,53.9531737],[-1.5729573,54.7735525]],
[[-3.5238554,50.7418314],[-1.4770905,53.3844867]],
[[-3.9189648,56.1465761],[-4.2836342,55.8752442]],
[[-2.23388,53.46557],[-2.2262753,53.4716848]],
[[-0.233928,51.7548433],[-2.6092402,51.458805]],
[[-1.2186814,52.7703862],[-1.3926128,50.8940039]],
[[-4.0723927,52.1154154],[0.336112,51.7202301]],
[[-1.2186814,52.7703862],[1.2409636,52.6222071]],
[[-0.5831894,51.2455747],[-0.1274396,51.5228397]],
[[-1.5729573,54.7735525],[-1.3081623,51.576052]],
[[-0.1309167,51.5263952],[-0.1285332,51.5192636]],
[[-3.5238554,50.7418314],[-2.101715,57.16413]],
[[0.108564,52.205687],[-0.6216949,52.0753955]],
[[-1.2545588,51.75786],[-0.6216949,52.0753955]],
[[-3.9748977,51.6115399],[-5.796833,54.6847229]],
[[-2.9616777,53.4062464],[-2.2661666,53.4943649]],
[[-0.1251998,51.5255568],[-2.6092402,51.458805]],
[[-1.6083557,54.9835312],[0.336112,51.7202301]],
[[-4.2836342,55.8752442],[-1.1206706,52.6259572]],
[[-0.1530862,51.5368322],[-0.1251998,51.5255568]],
[[-1.5603751,52.3793631],[-5.796833,54.6847229]],
[[-1.1814887,52.955437],[-4.0723927,52.1154154]],
[[-1.5513552,53.804323],[-0.5831894,51.2455747]],
[[-5.796833,54.6847229],[-4.2836342,55.8752442]],
[[-1.0130483,53.9531737],[-0.4660128,51.534788]],
[[-2.7810559,54.0160361],[-0.3629521,53.7728413]],
[[1.2409636,52.6222071],[0.9515806,51.8801279]],
[[-1.3081623,51.576052],[-0.0371712,51.5269647]],
[[-0.4660128,51.534788],[-3.1789046,55.9511987]],
[[1.0741169,51.3013948],[-1.9189703,52.4652158]],
[[-0.5831894,51.2455747],[0.108564,52.205687]],
[[-0.5831894,51.2455747],[-1.2545588,51.75786]],
[[-0.6216949,52.0753955],[-2.2262753,53.4716848]],
[[-0.0371712,51.5269647],[-1.9189703,52.4652158]],
[[0.108564,52.205687],[-2.101715,57.16413]],
[[-1.2545588,51.75786],[-2.101715,57.16413]],
[[-0.5831894,51.2455747],[-1.1206706,52.6259572]],
[[-1.1206706,52.6259572],[-0.233928,51.7548433]],
[[1.2409636,52.6222071],[-0.233928,51.7548433]],
[[-1.5729573,54.7735525],[-2.9616777,53.4062464]],
[[-2.9616777,53.4062464],[-1.3926128,50.8940039]],
[[-3.1774647,51.4893653],[-1.5603751,52.3793631]],
[[-2.6092402,51.458805],[-2.9761309,56.4598773]],
[[-1.5513552,53.804323],[-2.3251831,51.3791942]],
[[-2.7930437,56.3412484],[-0.0371712,51.5269647]],
[[-1.5603751,52.3793631],[-0.1274396,51.5228397]],
[[-3.9748977,51.6115399],[0.108564,52.205687]],
[[-2.101715,57.16413],[-1.1814887,52.955437]],
[[-1.2186814,52.7703862],[-5.796833,54.6847229]],
[[-1.1814887,52.955437],[-0.5831894,51.2455747]],
[[-2.9761309,56.4598773],[-3.1774647,51.4893653]],
[[-1.3926128,50.8940039],[-1.5603751,52.3793631]],
[[-2.9616777,53.4062464],[1.2409636,52.6222071]],
[[-1.2545588,51.75786],[-0.1251998,51.5255568]],
[[-3.9748977,51.6115399],[-1.2545588,51.75786]],
[[1.2409636,52.6222071],[-0.1251998,51.5255568]],
[[-1.9189703,52.4652158],[-0.3429176,51.4267079]],
[[-1.6083557,54.9835312],[-0.9589876,51.4512278]],
[[-1.1206706,52.6259572],[-2.7930437,56.3412484]],
[[-2.2262753,53.4716848],[-2.25335,53.0097723]],
[[1.2409636,52.6222071],[-2.7930437,56.3412484]],
[[0.108564,52.205687],[-0.1530862,51.5368322]],
[[-0.0371712,51.5269647],[-0.3629521,53.7728413]],
[[-1.2545588,51.75786],[-0.1530862,51.5368322]],
[[-2.7930437,56.3412484],[-2.6092402,51.458805]],
[[-1.1814887,52.955437],[-2.3251831,51.3791942]],
[[0.9515806,51.8801279],[-2.7930437,56.3412484]],
[[-0.5831894,51.2455747],[0.336112,51.7202301]],
[[-2.3251831,51.3791942],[-0.0371712,51.5269647]],
[[-0.1340913,51.5259105],[-0.1251998,51.5255568]],
[[-1.5729573,54.7735525],[-0.1742745,51.5005047]],
[[-2.9761309,56.4598773],[-5.9279191,54.6055484]],
[[-0.0809254,50.8737286],[0.336112,51.7202301]],
[[-2.7810559,54.0160361],[0.9515806,51.8801279]],
[[-2.6092402,51.458805],[-3.3124514,55.9175654]],
[[-0.1340913,51.5259105],[-2.7930437,56.3412484]],
[[-2.2661666,53.4943649],[-1.1814887,52.955437]],
[[-1.2186814,52.7703862],[0.108564,52.205687]],
[[-1.2186814,52.7703862],[-1.1206706,52.6259572]],
[[-1.2186814,52.7703862],[-1.2545588,51.75786]],
[[-1.3081623,51.576052],[-1.5513552,53.804323]],
[[-2.9616777,53.4062464],[-5.796833,54.6847229]],
[[-2.7810559,54.0160361],[-0.233928,51.7548433]]];


