var coauthorships4 = [[[-3.1789046,55.9511987],[-2.2262753,53.4716848]],
[[-0.1309167,51.5263952],[-2.7810559,54.0160361]],
[[-1.3081623,51.576052],[-1.4770905,53.3844867]],
[[-2.2262753,53.4716848],[-0.5570379,51.4264165]],
[[0.108564,52.205687],[-0.1309167,51.5263952]],
[[-0.5570379,51.4264165],[-0.1309167,51.5263952]],
[[-0.1309167,51.5263952],[-3.1789046,55.9511987]],
[[0.108564,52.205687],[-0.5570379,51.4264165]],
[[-1.2545588,51.75786],[-0.5570379,51.4264165]],
[[-2.7810559,54.0160361],[0.108564,52.205687]],
[[-0.0371712,51.5269647],[0.108564,52.205687]],
[[-0.0371712,51.5269647],[-1.2545588,51.75786]],
[[-1.4770905,53.3844867],[-2.2262753,53.4716848]],
[[-4.2836342,55.8752442],[-2.7810559,54.0160361]],
[[-3.1789046,55.9511987],[0.108564,52.205687]],
[[-2.2262753,53.4716848],[-0.0371712,51.5269647]],
[[-0.5570379,51.4264165],[-4.2836342,55.8752442]],
[[-0.1309167,51.5263952],[-1.4770905,53.3844867]],
[[-1.3081623,51.576052],[-0.5570379,51.4264165]],
[[-2.9616777,53.4062464],[-2.7810559,54.0160361]],
[[-2.2262753,53.4716848],[-1.3081623,51.576052]],
[[0.108564,52.205687],[-0.0371712,51.5269647]],
[[-1.2545588,51.75786],[-0.0371712,51.5269647]],
[[-4.2836342,55.8752442],[-3.1789046,55.9511987]],
[[-2.7810559,54.0160361],[-1.3081623,51.576052]],
[[-2.7810559,54.0160361],[-2.9616777,53.4062464]],
[[-0.0371712,51.5269647],[-2.9616777,53.4062464]],
[[-1.3081623,51.576052],[-0.0371712,51.5269647]],
[[-2.9616777,53.4062464],[-3.1789046,55.9511987]],
[[-1.3081623,51.576052],[-2.6092402,51.458805]],
[[-1.4770905,53.3844867],[0.108564,52.205687]],
[[-3.1789046,55.9511987],[-1.3081623,51.576052]],
[[-4.2836342,55.8752442],[-1.4770905,53.3844867]],
[[-1.9189703,52.4652158],[0.108564,52.205687]],
[[-3.1789046,55.9511987],[-2.9616777,53.4062464]],
[[-0.1309167,51.5263952],[-0.5570379,51.4264165]],
[[-2.7810559,54.0160361],[-1.9189703,52.4652158]],
[[-0.0371712,51.5269647],[-1.9189703,52.4652158]],
[[-2.9616777,53.4062464],[-1.4770905,53.3844867]],
[[-0.5570379,51.4264165],[-2.2262753,53.4716848]],
[[-3.1789046,55.9511987],[-1.9189703,52.4652158]],
[[-0.1309167,51.5263952],[-0.0371712,51.5269647]],
[[-1.3081623,51.576052],[-2.2262753,53.4716848]],
[[-1.4770905,53.3844867],[-1.3081623,51.576052]],
[[-4.2836342,55.8752442],[-0.5570379,51.4264165]],
[[-1.4770905,53.3844867],[-2.9616777,53.4062464]],
[[-2.7810559,54.0160361],[-1.4770905,53.3844867]],
[[-1.4770905,53.3844867],[-2.7810559,54.0160361]],
[[-1.9189703,52.4652158],[-2.7810559,54.0160361]],
[[-2.9616777,53.4062464],[-0.5570379,51.4264165]],
[[-1.4770905,53.3844867],[-1.9189703,52.4652158]],
[[-0.5570379,51.4264165],[0.108564,52.205687]],
[[-0.5570379,51.4264165],[-1.2545588,51.75786]],
[[-4.2836342,55.8752442],[-0.0371712,51.5269647]],
[[-1.2545588,51.75786],[-1.5603751,52.3793631]],
[[-1.9189703,52.4652158],[-3.1789046,55.9511987]],
[[-2.7810559,54.0160361],[-0.1309167,51.5263952]],
[[-1.3081623,51.576052],[0.108564,52.205687]],
[[-0.0371712,51.5269647],[-0.1309167,51.5263952]],
[[-2.9616777,53.4062464],[-0.0371712,51.5269647]],
[[-3.1789046,55.9511987],[-0.1309167,51.5263952]],
[[0.108564,52.205687],[-1.3081623,51.576052]],
[[-1.9189703,52.4652158],[-1.4770905,53.3844867]],
[[-2.7810559,54.0160361],[-4.2836342,55.8752442]],
[[-2.2262753,53.4716848],[-2.7810559,54.0160361]],
[[-0.5570379,51.4264165],[-1.3081623,51.576052]],
[[-0.0371712,51.5269647],[-4.2836342,55.8752442]],
[[-0.5570379,51.4264165],[-2.9616777,53.4062464]],
[[0.108564,52.205687],[-2.7810559,54.0160361]],
[[-3.1789046,55.9511987],[-4.2836342,55.8752442]],
[[-0.0371712,51.5269647],[-1.3081623,51.576052]],
[[-0.1309167,51.5263952],[0.108564,52.205687]],
[[0.108564,52.205687],[-1.9189703,52.4652158]],
[[-2.2262753,53.4716848],[-3.1789046,55.9511987]],
[[-0.5570379,51.4264165],[-1.9189703,52.4652158]],
[[-2.6092402,51.458805],[-1.3081623,51.576052]],
[[-1.3081623,51.576052],[-2.7810559,54.0160361]],
[[-1.4770905,53.3844867],[-0.1309167,51.5263952]],
[[0.108564,52.205687],[-3.1789046,55.9511987]],
[[-1.9189703,52.4652158],[-0.5570379,51.4264165]],
[[-2.2262753,53.4716848],[-1.4770905,53.3844867]],
[[-2.7810559,54.0160361],[-2.2262753,53.4716848]],
[[-1.4770905,53.3844867],[-4.2836342,55.8752442]],
[[-1.2545588,51.75786],[-0.0809254,50.8737286]],
[[-0.0371712,51.5269647],[-2.2262753,53.4716848]],
[[0.108564,52.205687],[-1.4770905,53.3844867]],
[[-1.3081623,51.576052],[-3.1789046,55.9511987]],
[[-0.0809254,50.8737286],[-1.2545588,51.75786]],
[[-1.5603751,52.3793631],[-1.2545588,51.75786]],
[[-1.9189703,52.4652158],[-0.0371712,51.5269647]]];


