var coauthorships5 = [[[-87.6692516,42.0687925],[126.9450979,37.5753299]],
[[-84.3858108,33.7835452],[-47.000885,-22.8138409]],
[[-104.6387914,23.9998614],[-49.6647263,-26.7456093]],
[[126.9600976,37.4685765],[4.89017,52.3688]],
[[-0.1285332,51.5192636],[11.4441833,44.5749359]],
[[-104.6387914,23.9998614],[-92.46595,44.0224239]],
[[-49.6647263,-26.7456093],[120.17342,30.2599684]],
[[-96.3235645,30.6332765],[141.3477771,43.0889022]],
[[-76.7007908,39.9553563],[36.8241651,-1.2913078]],
[[103.7854631,1.3027873],[34.8074103,32.1176907]],
[[-84.3858108,33.7835452],[-1.5513552,53.804323]],
[[130.2237602,33.5992911],[-86.9091505,40.4517096]],
[[12.5733745,55.6807821],[120.17342,30.2599684]],
[[140.8737093,38.2531445],[-86.9091505,40.4517096]],
[[126.9600976,37.4685765],[5.731472,50.6924324]],
[[-84.4911193,42.7339895],[121.535977,25.0183173]],
[[-49.6647263,-26.7456093],[11.4441833,44.5749359]],
[[121.5066331,31.3047479],[-83.0094938,40.0002591]],
[[-104.6387914,23.9998614],[130.2237602,33.5992911]],
[[126.9450979,37.5753299],[-121.7315726,38.5462214]],
[[-92.46595,44.0224239],[-99.1768017,19.3366704]],
[[153.020611,-27.4915542],[-90.45997,35.95422]],
[[-90.45997,35.95422],[153.020611,-27.4915542]],
[[126.9450979,37.5753299],[3.7110629,51.0081673]],
[[-49.6647263,-26.7456093],[-76.4554462,42.4598758]],
[[141.3477771,43.0889022],[-0.1742745,51.5005047]],
[[-99.1768017,19.3366704],[118.7782662,32.0610617]],
[[120.17342,30.2599684],[-74.6628628,40.3484807]],
[[120.17342,30.2599684],[-112.0633516,33.4522701]],
[[-49.6647263,-26.7456093],[12.5733745,55.6807821]],
[[-49.6647263,-26.7456093],[4.7019362,50.8832052]],
[[24.9535858,60.1777676],[-49.6647263,-26.7456093]],
[[-0.1285332,51.5192636],[139.4842303,35.5175397]],
[[126.9450979,37.5753299],[153.020611,-27.4915542]],
[[-99.1768017,19.3366704],[-79.9489337,40.4468365]],
[[-84.4911193,42.7339895],[121.5066331,31.3047479]],
[[-79.9489337,40.4468365],[-47.000885,-22.8138409]],
[[-49.6647263,-26.7456093],[11.7687597,48.2697678]],
[[-88.2096284,40.1164187],[-49.6647263,-26.7456093]],
[[-90.45997,35.95422],[-122.1520381,37.4433992]],
[[121.446005,31.0366062],[141.3477771,43.0889022]],
[[136.9742933,35.1577474],[120.17342,30.2599684]],
[[24.9535858,60.1777676],[130.2237602,33.5992911]],
[[-80.85707,41.60702],[-84.3858108,33.7835452]],
[[5.731472,50.6924324],[-82.3422156,29.6519557]],
[[-122.2218097,37.884425],[121.5066331,31.3047479]],
[[121.5066331,31.3047479],[-89.3940996,43.0920898]],
[[-49.6647263,-26.7456093],[139.4842303,35.5175397]],
[[6.0593155,46.2391497],[-49.6647263,-26.7456093]],
[[11.7687597,48.2697678],[5.731472,50.6924324]],
[[-73.5727281,45.5124158],[121.5066331,31.3047479]],
[[-104.6387914,23.9998614],[121.446005,31.0366062]],
[[-122.2218097,37.884425],[-90.45997,35.95422]],
[[-47.000885,-22.8138409],[-122.4559333,37.7648722]],
[[-79.3400239,43.7239871],[18.0311158,59.3515953]],
[[103.7854631,1.3027873],[6.0593155,46.2391497]],
[[-79.3400239,43.7239871],[11.5699075,48.1514082]],
[[141.3477771,43.0889022],[36.8241651,-1.2913078]],
[[5.731472,50.6924324],[-75.1902959,39.9500785]],
[[-47.000885,-22.8138409],[34.8074103,32.1176907]],
[[4.89017,52.3688],[-99.1768017,19.3366704]],
[[-73.5727281,45.5124158],[-90.45997,35.95422]],
[[135.4555343,34.8035885],[-99.1768017,19.3366704]],
[[-99.1768017,19.3366704],[-87.6692516,42.0687925]],
[[103.7854631,1.3027873],[3.7110629,51.0081673]],
[[-74.6628628,40.3484807],[5.731472,50.6924324]],
[[6.0706367,50.7768129],[136.9742933,35.1577474]],
[[130.2237602,33.5992911],[-79.3400239,43.7239871]],
[[136.9742933,35.1577474],[-76.4554462,42.4598758]],
[[-79.3400239,43.7239871],[-83.16261,41.1171562]],
[[103.7854631,1.3027873],[-121.7315726,38.5462214]],
[[-79.9489337,40.4468365],[-49.6647263,-26.7456093]],
[[116.3308219,40.0118473],[-104.6387914,23.9998614]],
[[-104.6387914,23.9998614],[140.8737093,38.2531445]],
[[0.108564,52.205687],[-84.3858108,33.7835452]],
[[18.0311158,59.3515953],[6.0593155,46.2391497]],
[[141.3477771,43.0889022],[34.8074103,32.1176907]],
[[-79.3400239,43.7239871],[-2.2262753,53.4716848]],
[[-99.1768017,19.3366704],[-92.46595,44.0224239]],
[[-47.000885,-22.8138409],[144.9585796,-37.7970965]],
[[24.9535858,60.1777676],[121.446005,31.0366062]],
[[-104.6387914,23.9998614],[141.3477771,43.0889022]],
[[121.535977,25.0183173],[-122.4559333,37.7648722]],
[[130.2237602,33.5992911],[-96.3235645,30.6332765]],
[[-118.2801178,34.0254826],[118.7782662,32.0610617]],
[[-47.000885,-22.8138409],[103.7854631,1.3027873]],
[[-1.5513552,53.804323],[121.535977,25.0183173]],
[[-99.1768017,19.3366704],[130.2237602,33.5992911]],
[[-122.2865937,47.6612001],[-47.000885,-22.8138409]],
[[120.17342,30.2599684],[24.9535858,60.1777676]],
[[139.4842303,35.5175397],[-96.3235645,30.6332765]],
[[141.3477771,43.0889022],[144.9585796,-37.7970965]],
[[-75.1902959,39.9500785],[-99.1768017,19.3366704]],
[[3.7110629,51.0081673],[136.9742933,35.1577474]],
[[-93.2365192,44.973336],[126.9450979,37.5753299]],
[[-49.6647263,-26.7456093],[18.0311158,59.3515953]],
[[24.9535858,60.1777676],[141.3477771,43.0889022]],
[[126.9450979,37.5753299],[-118.2801178,34.0254826]],
[[37.6130966,55.7571509],[121.5066331,31.3047479]],
[[141.3477771,43.0889022],[103.7854631,1.3027873]],
[[-112.0633516,33.4522701],[121.5066331,31.3047479]],
[[-83.16261,41.1171562],[-87.6692516,42.0687925]],
[[-79.3400239,43.7239871],[118.7782662,32.0610617]],
[[30.3060431,59.9431026],[-49.6647263,-26.7456093]],
[[-1.5513552,53.804323],[121.5066331,31.3047479]],
[[144.9585796,-37.7970965],[-84.3858108,33.7835452]],
[[-1.5513552,53.804323],[126.9600976,37.4685765]],
[[-49.6647263,-26.7456093],[135.4555343,34.8035885]],
[[120.17342,30.2599684],[-99.1768017,19.3366704]],
[[-122.4559333,37.7648722],[116.3308219,40.0118473]],
[[-0.1285332,51.5192636],[-2.2262753,53.4716848]],
[[4.89017,52.3688],[121.535977,25.0183173]],
[[5.731472,50.6924324],[13.1902511,55.7040071]],
[[-83.16261,41.1171562],[-49.6647263,-26.7456093]],
[[-49.6647263,-26.7456093],[-83.16261,41.1171562]],
[[-90.45997,35.95422],[-1.5513552,53.804323]],
[[-1.5513552,53.804323],[-90.45997,35.95422]],
[[36.8241651,-1.2913078],[121.5066331,31.3047479]],
[[6.0593155,46.2391497],[141.3477771,43.0889022]],
[[141.3477771,43.0889022],[6.0593155,46.2391497]],
[[-47.000885,-22.8138409],[151.1951565,-33.8847761]],
[[-89.3940996,43.0920898],[-49.6647263,-26.7456093]],
[[-47.000885,-22.8138409],[153.020611,-27.4915542]],
[[121.5066331,31.3047479],[-122.2218097,37.884425]],
[[141.3477771,43.0889022],[6.0706367,50.7768129]],
[[-99.1768017,19.3366704],[121.446005,31.0366062]],
[[-49.6647263,-26.7456093],[-2.2262753,53.4716848]],
[[126.9450979,37.5753299],[-1.5513552,53.804323]],
[[-113.5150512,53.5307049],[-49.6647263,-26.7456093]],
[[141.3477771,43.0889022],[-121.7315726,38.5462214]],
[[3.7110629,51.0081673],[126.9450979,37.5753299]],
[[18.0311158,59.3515953],[-71.0817241,42.3628704]],
[[141.3477771,43.0889022],[3.7110629,51.0081673]],
[[153.020611,-27.4915542],[36.8241651,-1.2913078]],
[[-118.2801178,34.0254826],[-49.6647263,-26.7456093]],
[[11.5699075,48.1514082],[121.5066331,31.3047479]],
[[135.4555343,34.8035885],[121.5066331,31.3047479]],
[[-84.3858108,33.7835452],[30.3060431,59.9431026]],
[[-47.000885,-22.8138409],[-122.1520381,37.4433992]],
[[4.89017,52.3688],[121.5066331,31.3047479]],
[[4.89017,52.3688],[126.9600976,37.4685765]],
[[-84.3858108,33.7835452],[37.6130966,55.7571509]],
[[-122.4559333,37.7648722],[120.17342,30.2599684]],
[[-0.1285332,51.5192636],[118.7782662,32.0610617]],
[[-49.6647263,-26.7456093],[-80.85707,41.60702]],
[[-123.1966053,49.2845486],[141.3477771,43.0889022]],
[[141.3477771,43.0889022],[151.1951565,-33.8847761]],
[[11.5699075,48.1514082],[-90.45997,35.95422]],
[[141.3477771,43.0889022],[153.020611,-27.4915542]],
[[136.9742933,35.1577474],[18.0311158,59.3515953]],
[[-99.1768017,19.3366704],[140.8737093,38.2531445]],
[[5.731472,50.6924324],[-117.2284313,32.8914477]],
[[-49.6647263,-26.7456093],[-84.4911193,42.7339895]],
[[135.4555343,34.8035885],[-90.45997,35.95422]],
[[-96.3235645,30.6332765],[13.1902511,55.7040071]],
[[30.3060431,59.9431026],[121.446005,31.0366062]],
[[135.774119,35.0203314],[-47.000885,-22.8138409]],
[[5.731472,50.6924324],[-104.6387914,23.9998614]],
[[13.1902511,55.7040071],[-79.3400239,43.7239871]],
[[-49.6647263,-26.7456093],[-76.7007908,39.9553563]],
[[30.3060431,59.9431026],[-79.3400239,43.7239871]],
[[-49.6647263,-26.7456093],[-83.6709317,42.3125148]],
[[121.535977,25.0183173],[153.020611,-27.4915542]],
[[-79.3400239,43.7239871],[-49.6647263,-26.7456093]],
[[-104.6387914,23.9998614],[-75.1902959,39.9500785]],
[[153.020611,-27.4915542],[34.8074103,32.1176907]],
[[-79.3400239,43.7239871],[-92.46595,44.0224239]],
[[11.4441833,44.5749359],[120.17342,30.2599684]],
[[4.7019362,50.8832052],[118.7782662,32.0610617]],
[[103.7854631,1.3027873],[-47.000885,-22.8138409]],
[[34.8074103,32.1176907],[121.5066331,31.3047479]],
[[-46.7124955,-23.5493924],[141.3477771,43.0889022]],
[[34.8074103,32.1176907],[-90.45997,35.95422]],
[[120.17342,30.2599684],[121.535977,25.0183173]],
[[-79.3400239,43.7239871],[130.2237602,33.5992911]],
[[-49.6647263,-26.7456093],[-79.9489337,40.4468365]],
[[6.0706367,50.7768129],[-0.1285332,51.5192636]],
[[-79.3875172,43.6686165],[-47.000885,-22.8138409]],
[[130.2237602,33.5992911],[-84.3858108,33.7835452]],
[[103.7854631,1.3027873],[-80.85707,41.60702]],
[[-123.1966053,49.2845486],[30.3060431,59.9431026]],
[[140.8737093,38.2531445],[-84.3858108,33.7835452]],
[[13.1902511,55.7040071],[-96.3235645,30.6332765]],
[[-75.1902959,39.9500785],[121.5066331,31.3047479]],
[[-122.4559333,37.7648722],[139.4842303,35.5175397]],
[[121.5066331,31.3047479],[11.4441833,44.5749359]],
[[144.9585796,-37.7970965],[-99.1768017,19.3366704]],
[[-84.3858108,33.7835452],[135.774119,35.0203314]],
[[-104.6387914,23.9998614],[-79.3875172,43.6686165]],
[[139.4842303,35.5175397],[-84.3858108,33.7835452]],
[[18.0311158,59.3515953],[-47.000885,-22.8138409]],
[[116.3308219,40.0118473],[-0.1285332,51.5192636]],
[[-118.2801178,34.0254826],[121.446005,31.0366062]],
[[-2.2262753,53.4716848],[121.5066331,31.3047479]],
[[-75.1902959,39.9500785],[-90.45997,35.95422]],
[[121.5066331,31.3047479],[-76.4554462,42.4598758]],
[[5.731472,50.6924324],[126.9450979,37.5753299]],
[[120.17342,30.2599684],[126.9600976,37.4685765]],
[[121.5066331,31.3047479],[4.7019362,50.8832052]],
[[-47.000885,-22.8138409],[-118.2801178,34.0254826]],
[[5.731472,50.6924324],[-87.5962878,41.7860023]],
[[-122.1520381,37.4433992],[-49.6647263,-26.7456093]],
[[121.5066331,31.3047479],[12.5733745,55.6807821]],
[[-117.2284313,32.8914477],[120.17342,30.2599684]],
[[121.5066331,31.3047479],[11.7687597,48.2697678]],
[[120.17342,30.2599684],[-90.45997,35.95422]],
[[-49.6647263,-26.7456093],[-87.6692516,42.0687925]],
[[140.8737093,38.2531445],[-113.5150512,53.5307049]],
[[-113.5150512,53.5307049],[140.8737093,38.2531445]],
[[-80.85707,41.60702],[121.5066331,31.3047479]],
[[153.020611,-27.4915542],[6.0593155,46.2391497]],
[[12.5733745,55.6807821],[-87.6692516,42.0687925]],
[[126.9450979,37.5753299],[-79.3400239,43.7239871]],
[[-87.6692516,42.0687925],[103.7854631,1.3027873]],
[[-113.5150512,53.5307049],[141.3477771,43.0889022]],
[[3.7110629,51.0081673],[-0.1285332,51.5192636]],
[[18.0311158,59.3515953],[-86.9091505,40.4517096]],
[[-83.6709317,42.3125148],[-49.6647263,-26.7456093]],
[[-118.2801178,34.0254826],[141.3477771,43.0889022]],
[[141.3477771,43.0889022],[-118.2801178,34.0254826]],
[[121.446005,31.0366062],[-104.6387914,23.9998614]],
[[-49.6647263,-26.7456093],[-92.46595,44.0224239]],
[[-96.3235645,30.6332765],[4.89017,52.3688]],
[[-71.0817241,42.3628704],[-1.5513552,53.804323]],
[[12.5733745,55.6807821],[-49.6647263,-26.7456093]],
[[-96.3235645,30.6332765],[5.731472,50.6924324]],
[[4.7019362,50.8832052],[-49.6647263,-26.7456093]],
[[5.731472,50.6924324],[116.3153474,39.9982853]],
[[126.9450979,37.5753299],[-96.3235645,30.6332765]],
[[-96.3235645,30.6332765],[126.9450979,37.5753299]],
[[0.108564,52.205687],[121.5066331,31.3047479]],
[[121.5066331,31.3047479],[-122.2865937,47.6612001]],
[[-49.6647263,-26.7456093],[130.2237602,33.5992911]],
[[5.731472,50.6924324],[-90.45997,35.95422]],
[[130.2237602,33.5992911],[24.9535858,60.1777676]],
[[4.7019362,50.8832052],[130.2237602,33.5992911]],
[[-99.1768017,19.3366704],[-75.1902959,39.9500785]],
[[0.108564,52.205687],[-90.45997,35.95422]],
[[-79.3400239,43.7239871],[141.3477771,43.0889022]],
[[141.3477771,43.0889022],[-47.000885,-22.8138409]],
[[118.7782662,32.0610617],[-76.4554462,42.4598758]],
[[139.4842303,35.5175397],[24.9535858,60.1777676]],
[[141.3477771,43.0889022],[-1.5513552,53.804323]],
[[136.9742933,35.1577474],[-87.6692516,42.0687925]],
[[118.7782662,32.0610617],[4.7019362,50.8832052]],
[[-87.6692516,42.0687925],[153.020611,-27.4915542]],
[[121.446005,31.0366062],[5.731472,50.6924324]],
[[-99.1768017,19.3366704],[11.3559467,44.4948202]],
[[-90.45997,35.95422],[30.3060431,59.9431026]],
[[-76.9422543,38.9857489],[103.7854631,1.3027873]],
[[121.535977,25.0183173],[-1.5513552,53.804323]],
[[121.446005,31.0366062],[126.9450979,37.5753299]],
[[-84.3858108,33.7835452],[24.9535858,60.1777676]],
[[136.9742933,35.1577474],[-49.6647263,-26.7456093]],
[[130.2237602,33.5992911],[-99.1768017,19.3366704]],
[[135.774119,35.0203314],[-96.3235645,30.6332765]],
[[18.0311158,59.3515953],[-88.2096284,40.1164187]],
[[140.8737093,38.2531445],[-99.1768017,19.3366704]],
[[-92.46595,44.0224239],[116.3308219,40.0118473]],
[[126.9450979,37.5753299],[30.3060431,59.9431026]],
[[-1.5513552,53.804323],[116.3308219,40.0118473]],
[[141.3477771,43.0889022],[-86.9091505,40.4517096]],
[[-84.3858108,33.7835452],[-0.1309167,51.5263952]],
[[-49.6647263,-26.7456093],[121.446005,31.0366062]],
[[-49.6647263,-26.7456093],[-73.9571123,40.8106295]],
[[11.7687597,48.2697678],[103.7854631,1.3027873]],
[[-104.6387914,23.9998614],[136.9742933,35.1577474]],
[[-0.1285332,51.5192636],[140.8737093,38.2531445]],
[[5.731472,50.6924324],[-0.1285332,51.5192636]],
[[144.9585796,-37.7970965],[121.5066331,31.3047479]],
[[6.0706367,50.7768129],[-122.4559333,37.7648722]],
[[-112.0633516,33.4522701],[120.17342,30.2599684]],
[[121.5066331,31.3047479],[11.5699075,48.1514082]],
[[121.5066331,31.3047479],[135.4555343,34.8035885]],
[[13.1902511,55.7040071],[-84.3858108,33.7835452]],
[[-92.46595,44.0224239],[120.17342,30.2599684]],
[[37.6130966,55.7571509],[120.17342,30.2599684]],
[[-0.1285332,51.5192636],[141.3477771,43.0889022]],
[[-122.4559333,37.7648722],[-84.4911193,42.7339895]],
[[116.3308219,40.0118473],[-122.4559333,37.7648722]],
[[-104.6387914,23.9998614],[4.89017,52.3688]],
[[12.5733745,55.6807821],[-76.9422543,38.9857489]],
[[-47.000885,-22.8138409],[-88.2096284,40.1164187]],
[[-49.6647263,-26.7456093],[140.8737093,38.2531445]],
[[11.5699075,48.1514082],[116.3308219,40.0118473]],
[[12.5733745,55.6807821],[140.8737093,38.2531445]],
[[-92.46595,44.0224239],[11.4441833,44.5749359]],
[[-83.6709317,42.3125148],[141.3477771,43.0889022]],
[[36.8241651,-1.2913078],[120.17342,30.2599684]],
[[-104.6387914,23.9998614],[5.731472,50.6924324]],
[[18.0311158,59.3515953],[-96.3235645,30.6332765]],
[[-76.9422543,38.9857489],[153.020611,-27.4915542]],
[[6.0706367,50.7768129],[144.9585796,-37.7970965]],
[[12.5733745,55.6807821],[141.3477771,43.0889022]],
[[-47.000885,-22.8138409],[-79.3400239,43.7239871]],
[[121.5066331,31.3047479],[-2.2262753,53.4716848]],
[[-122.4559333,37.7648722],[118.7782662,32.0610617]],
[[-76.4554462,42.4598758],[121.5066331,31.3047479]],
[[-90.45997,35.95422],[135.774119,35.0203314]],
[[-1.5513552,53.804323],[-76.4554462,42.4598758]],
[[103.7854631,1.3027873],[37.6130966,55.7571509]],
[[6.0706367,50.7768129],[103.7854631,1.3027873]],
[[4.89017,52.3688],[120.17342,30.2599684]],
[[121.5066331,31.3047479],[-84.4911193,42.7339895]],
[[135.4555343,34.8035885],[120.17342,30.2599684]],
[[11.5699075,48.1514082],[120.17342,30.2599684]],
[[-84.4911193,42.7339895],[18.0311158,59.3515953]],
[[121.5066331,31.3047479],[-80.85707,41.60702]],
[[-90.45997,35.95422],[-84.3858108,33.7835452]],
[[126.9450979,37.5753299],[-112.0633516,33.4522701]],
[[151.1951565,-33.8847761],[-47.000885,-22.8138409]],
[[-79.9489337,40.4468365],[-104.6387914,23.9998614]],
[[153.020611,-27.4915542],[-47.000885,-22.8138409]],
[[141.3477771,43.0889022],[-79.3400239,43.7239871]],
[[-74.6628628,40.3484807],[153.020611,-27.4915542]],
[[126.9450979,37.5753299],[-84.3858108,33.7835452]],
[[-1.5513552,53.804323],[139.4842303,35.5175397]],
[[24.9535858,60.1777676],[126.9450979,37.5753299]],
[[153.020611,-27.4915542],[-80.85707,41.60702]],
[[-82.3422156,29.6519557],[121.5066331,31.3047479]],
[[118.7782662,32.0610617],[11.5699075,48.1514082]],
[[6.0593155,46.2391497],[5.731472,50.6924324]],
[[3.7110629,51.0081673],[103.7854631,1.3027873]],
[[141.3477771,43.0889022],[-96.3235645,30.6332765]],
[[130.2237602,33.5992911],[121.5066331,31.3047479]],
[[34.8074103,32.1176907],[120.17342,30.2599684]],
[[153.020611,-27.4915542],[-86.9091505,40.4517096]],
[[153.020611,-27.4915542],[118.7782662,32.0610617]],
[[-87.6692516,42.0687925],[-1.5513552,53.804323]],
[[6.0706367,50.7768129],[153.020611,-27.4915542]],
[[126.9450979,37.5753299],[-113.5150512,53.5307049]],
[[116.3308219,40.0118473],[3.7110629,51.0081673]],
[[130.2237602,33.5992911],[-90.45997,35.95422]],
[[-122.4559333,37.7648722],[-49.6647263,-26.7456093]],
[[-75.1902959,39.9500785],[120.17342,30.2599684]],
[[135.774119,35.0203314],[-84.3858108,33.7835452]],
[[5.731472,50.6924324],[36.8241651,-1.2913078]],
[[-92.46595,44.0224239],[6.0706367,50.7768129]],
[[139.4842303,35.5175397],[-90.45997,35.95422]],
[[103.7854631,1.3027873],[-112.0633516,33.4522701]],
[[-123.1966053,49.2845486],[5.731472,50.6924324]],
[[-2.2262753,53.4716848],[120.17342,30.2599684]],
[[126.9600976,37.4685765],[-1.5513552,53.804323]],
[[-99.1768017,19.3366704],[4.89017,52.3688]],
[[-90.45997,35.95422],[-73.5727281,45.5124158]],
[[116.3308219,40.0118473],[153.020611,-27.4915542]],
[[12.5733745,55.6807821],[-82.3422156,29.6519557]],
[[5.731472,50.6924324],[-122.4559333,37.7648722]],
[[-122.4559333,37.7648722],[130.2237602,33.5992911]],
[[121.5066331,31.3047479],[-87.6692516,42.0687925]],
[[-84.3858108,33.7835452],[-90.45997,35.95422]],
[[11.4441833,44.5749359],[-92.46595,44.0224239]],
[[11.4441833,44.5749359],[-49.6647263,-26.7456093]],
[[-49.6647263,-26.7456093],[-75.1902959,39.9500785]],
[[-104.6387914,23.9998614],[-0.1285332,51.5192636]],
[[-90.45997,35.95422],[-0.1309167,51.5263952]],
[[-80.85707,41.60702],[120.17342,30.2599684]],
[[-79.3400239,43.7239871],[13.1902511,55.7040071]],
[[18.0311158,59.3515953],[-74.6628628,40.3484807]],
[[126.9450979,37.5753299],[24.9535858,60.1777676]],
[[-112.0633516,33.4522701],[18.0311158,59.3515953]],
[[18.0311158,59.3515953],[-112.0633516,33.4522701]],
[[-121.7315726,38.5462214],[139.4842303,35.5175397]],
[[120.17342,30.2599684],[11.4441833,44.5749359]],
[[-49.6647263,-26.7456093],[11.3559467,44.4948202]],
[[-113.5150512,53.5307049],[-104.6387914,23.9998614]],
[[-112.0633516,33.4522701],[11.5699075,48.1514082]],
[[18.0311158,59.3515953],[-84.3858108,33.7835452]],
[[-118.2801178,34.0254826],[-104.6387914,23.9998614]],
[[-1.5513552,53.804323],[11.5699075,48.1514082]],
[[-49.6647263,-26.7456093],[0.108564,52.205687]],
[[-49.6647263,-26.7456093],[-1.2545588,51.75786]],
[[5.731472,50.6924324],[144.9585796,-37.7970965]],
[[11.7687597,48.2697678],[-47.000885,-22.8138409]],
[[121.5066331,31.3047479],[130.2237602,33.5992911]],
[[-1.5513552,53.804323],[135.4555343,34.8035885]],
[[120.17342,30.2599684],[12.5733745,55.6807821]],
[[30.3060431,59.9431026],[126.9450979,37.5753299]],
[[151.1951565,-33.8847761],[-79.3400239,43.7239871]],
[[-49.6647263,-26.7456093],[-79.3875172,43.6686165]],
[[0.108564,52.205687],[120.17342,30.2599684]],
[[-0.1309167,51.5263952],[-84.3858108,33.7835452]],
[[-97.721796,30.3973701],[-90.45997,35.95422]],
[[5.731472,50.6924324],[103.7854631,1.3027873]],
[[120.17342,30.2599684],[11.7687597,48.2697678]],
[[-99.1768017,19.3366704],[116.3153474,39.9982853]],
[[-118.2801178,34.0254826],[136.9742933,35.1577474]],
[[-1.2545588,51.75786],[120.17342,30.2599684]],
[[-47.000885,-22.8138409],[135.774119,35.0203314]],
[[-79.9489337,40.4468365],[-90.45997,35.95422]],
[[-117.2284313,32.8914477],[-49.6647263,-26.7456093]],
[[-47.000885,-22.8138409],[-112.0633516,33.4522701]],
[[-47.000885,-22.8138409],[-84.3858108,33.7835452]],
[[-89.3940996,43.0920898],[5.731472,50.6924324]],
[[6.0706367,50.7768129],[-118.2801178,34.0254826]],
[[-86.9091505,40.4517096],[4.7019362,50.8832052]],
[[13.1902511,55.7040071],[121.535977,25.0183173]],
[[6.0593155,46.2391497],[-0.1285332,51.5192636]],
[[5.731472,50.6924324],[6.0593155,46.2391497]],
[[-122.4559333,37.7648722],[140.8737093,38.2531445]],
[[-86.9091505,40.4517096],[11.7687597,48.2697678]],
[[11.7687597,48.2697678],[-86.9091505,40.4517096]],
[[-113.5150512,53.5307049],[5.731472,50.6924324]],
[[153.020611,-27.4915542],[-96.3235645,30.6332765]],
[[-118.2801178,34.0254826],[4.89017,52.3688]],
[[-84.4911193,42.7339895],[-49.6647263,-26.7456093]],
[[-1.5513552,53.804323],[-84.4911193,42.7339895]],
[[-87.5962878,41.7860023],[121.5066331,31.3047479]],
[[-118.2801178,34.0254826],[5.731472,50.6924324]],
[[5.731472,50.6924324],[-121.7315726,38.5462214]],
[[-122.2218097,37.884425],[-49.6647263,-26.7456093]],
[[141.3477771,43.0889022],[-112.0633516,33.4522701]],
[[-113.5150512,53.5307049],[126.9450979,37.5753299]],
[[-118.2801178,34.0254826],[126.9450979,37.5753299]],
[[116.370288,40.0045295],[-90.45997,35.95422]],
[[13.1902511,55.7040071],[126.9600976,37.4685765]],
[[-49.6647263,-26.7456093],[13.1902511,55.7040071]],
[[141.3477771,43.0889022],[-84.3858108,33.7835452]],
[[139.9407354,35.9053633],[-90.45997,35.95422]],
[[-122.2218097,37.884425],[130.2237602,33.5992911]],
[[121.5066331,31.3047479],[-76.9422543,38.9857489]],
[[11.4441833,44.5749359],[140.8737093,38.2531445]],
[[30.3060431,59.9431026],[-90.45997,35.95422]],
[[-79.3400239,43.7239871],[4.89017,52.3688]],
[[103.7854631,1.3027873],[-99.1768017,19.3366704]],
[[5.731472,50.6924324],[153.020611,-27.4915542]],
[[144.9585796,-37.7970965],[120.17342,30.2599684]],
[[13.1902511,55.7040071],[-90.45997,35.95422]],
[[-1.5513552,53.804323],[118.7782662,32.0610617]],
[[3.7110629,51.0081673],[-118.2801178,34.0254826]],
[[36.8241651,-1.2913078],[-76.7007908,39.9553563]],
[[116.3308219,40.0118473],[-47.000885,-22.8138409]],
[[-122.2865937,47.6612001],[121.5066331,31.3047479]],
[[11.4441833,44.5749359],[141.3477771,43.0889022]],
[[116.3153474,39.9982853],[-49.6647263,-26.7456093]],
[[116.3308219,40.0118473],[-1.5513552,53.804323]],
[[-79.3400239,43.7239871],[126.9450979,37.5753299]],
[[-79.3400239,43.7239871],[-87.5962878,41.7860023]],
[[121.5066331,31.3047479],[141.3477771,43.0889022]],
[[141.3477771,43.0889022],[-113.5150512,53.5307049]],
[[153.020611,-27.4915542],[37.6130966,55.7571509]],
[[-0.1285332,51.5192636],[-104.6387914,23.9998614]],
[[5.731472,50.6924324],[-122.1520381,37.4433992]],
[[116.3153474,39.9982853],[-92.46595,44.0224239]],
[[-92.46595,44.0224239],[-47.000885,-22.8138409]],
[[18.0311158,59.3515953],[-99.1768017,19.3366704]],
[[-49.6647263,-26.7456093],[-117.2284313,32.8914477]],
[[-0.1285332,51.5192636],[136.9742933,35.1577474]],
[[130.2237602,33.5992911],[-122.2218097,37.884425]],
[[121.535977,25.0183173],[-113.5150512,53.5307049]],
[[-49.6647263,-26.7456093],[-104.6387914,23.9998614]],
[[116.3153474,39.9982853],[130.2237602,33.5992911]],
[[135.4555343,34.8035885],[-76.7007908,39.9553563]],
[[11.5699075,48.1514082],[118.7782662,32.0610617]],
[[120.17342,30.2599684],[18.0311158,59.3515953]],
[[-104.6387914,23.9998614],[-122.4559333,37.7648722]],
[[120.17342,30.2599684],[135.4555343,34.8035885]],
[[11.5699075,48.1514082],[-93.2365192,44.973336]],
[[-49.6647263,-26.7456093],[136.9742933,35.1577474]],
[[-96.3235645,30.6332765],[153.020611,-27.4915542]],
[[120.17342,30.2599684],[11.5699075,48.1514082]],
[[-122.2218097,37.884425],[121.446005,31.0366062]],
[[11.7687597,48.2697678],[-79.3400239,43.7239871]],
[[-104.6387914,23.9998614],[34.8074103,32.1176907]],
[[30.3060431,59.9431026],[-0.1285332,51.5192636]],
[[120.17342,30.2599684],[-83.16261,41.1171562]],
[[126.9450979,37.5753299],[121.5066331,31.3047479]],
[[-1.5513552,53.804323],[-87.6692516,42.0687925]],
[[-117.2284313,32.8914477],[141.3477771,43.0889022]],
[[-122.1520381,37.4433992],[5.731472,50.6924324]],
[[-86.9091505,40.4517096],[18.0311158,59.3515953]],
[[-0.1285332,51.5192636],[5.731472,50.6924324]],
[[141.3477771,43.0889022],[24.9535858,60.1777676]],
[[121.5066331,31.3047479],[30.3060431,59.9431026]],
[[-112.0633516,33.4522701],[-49.6647263,-26.7456093]],
[[-92.46595,44.0224239],[-49.6647263,-26.7456093]],
[[37.6130966,55.7571509],[-92.46595,44.0224239]],
[[121.446005,31.0366062],[3.7110629,51.0081673]],
[[37.6130966,55.7571509],[-49.6647263,-26.7456093]],
[[-0.1285332,51.5192636],[126.9450979,37.5753299]],
[[118.7782662,32.0610617],[-76.9422543,38.9857489]],
[[-1.5513552,53.804323],[-49.6647263,-26.7456093]],
[[-84.4911193,42.7339895],[141.3477771,43.0889022]],
[[120.17342,30.2599684],[-2.2262753,53.4716848]],
[[11.7687597,48.2697678],[-96.3235645,30.6332765]],
[[-121.7315726,38.5462214],[118.7782662,32.0610617]],
[[-104.6387914,23.9998614],[144.9585796,-37.7970965]],
[[-49.6647263,-26.7456093],[4.89017,52.3688]],
[[-49.6647263,-26.7456093],[-118.4374008,34.078146]],
[[6.0706367,50.7768129],[-88.2096284,40.1164187]],
[[121.446005,31.0366062],[153.020611,-27.4915542]],
[[-49.6647263,-26.7456093],[5.731472,50.6924324]],
[[-104.6387914,23.9998614],[103.7854631,1.3027873]],
[[36.8241651,-1.2913078],[-49.6647263,-26.7456093]],
[[-49.6647263,-26.7456093],[116.370288,40.0045295]],
[[153.020611,-27.4915542],[-112.0633516,33.4522701]],
[[5.731472,50.6924324],[-118.2801178,34.0254826]],
[[-79.3400239,43.7239871],[-46.7124955,-23.5493924]],
[[-1.5513552,53.804323],[130.2237602,33.5992911]],
[[-76.4554462,42.4598758],[139.4842303,35.5175397]],
[[153.020611,-27.4915542],[-74.6628628,40.3484807]],
[[136.9742933,35.1577474],[-104.6387914,23.9998614]],
[[-49.6647263,-26.7456093],[-87.5962878,41.7860023]],
[[120.17342,30.2599684],[-80.85707,41.60702]],
[[-49.6647263,-26.7456093],[126.9450979,37.5753299]],
[[151.1951565,-33.8847761],[-84.3858108,33.7835452]],
[[144.9585796,-37.7970965],[6.0706367,50.7768129]],
[[153.020611,-27.4915542],[-84.3858108,33.7835452]],
[[135.774119,35.0203314],[-90.45997,35.95422]],
[[121.5066331,31.3047479],[-82.3422156,29.6519557]],
[[140.8737093,38.2531445],[11.4441833,44.5749359]],
[[4.89017,52.3688],[-49.6647263,-26.7456093]],
[[121.535977,25.0183173],[-99.1768017,19.3366704]],
[[-76.7007908,39.9553563],[121.535977,25.0183173]],
[[135.4555343,34.8035885],[-49.6647263,-26.7456093]],
[[5.731472,50.6924324],[-47.000885,-22.8138409]],
[[103.7854631,1.3027873],[4.89017,52.3688]],
[[-82.3422156,29.6519557],[12.5733745,55.6807821]],
[[130.2237602,33.5992911],[-76.4554462,42.4598758]],
[[-118.4374008,34.078146],[-47.000885,-22.8138409]],
[[140.8737093,38.2531445],[-76.4554462,42.4598758]],
[[-49.6647263,-26.7456093],[116.3153474,39.9982853]],
[[140.8737093,38.2531445],[12.5733745,55.6807821]],
[[130.2237602,33.5992911],[4.7019362,50.8832052]],
[[139.4842303,35.5175397],[-76.4554462,42.4598758]],
[[11.5699075,48.1514082],[130.2237602,33.5992911]],
[[121.5066331,31.3047479],[-75.1902959,39.9500785]],
[[-99.1768017,19.3366704],[-122.4559333,37.7648722]],
[[-104.6387914,23.9998614],[153.020611,-27.4915542]],
[[-84.3858108,33.7835452],[11.4441833,44.5749359]],
[[-79.3875172,43.6686165],[-90.45997,35.95422]],
[[-86.9091505,40.4517096],[118.7782662,32.0610617]],
[[-1.5513552,53.804323],[121.446005,31.0366062]],
[[-92.46595,44.0224239],[-79.3400239,43.7239871]],
[[6.0593155,46.2391497],[103.7854631,1.3027873]],
[[34.8074103,32.1176907],[-49.6647263,-26.7456093]],
[[-0.1742745,51.5005047],[118.7782662,32.0610617]],
[[-76.7007908,39.9553563],[-90.45997,35.95422]],
[[18.0311158,59.3515953],[-90.45997,35.95422]],
[[-0.1309167,51.5263952],[121.5066331,31.3047479]],
[[-84.3858108,33.7835452],[4.7019362,50.8832052]],
[[-84.3858108,33.7835452],[12.5733745,55.6807821]],
[[5.731472,50.6924324],[-86.9091505,40.4517096]],
[[121.5066331,31.3047479],[0.108564,52.205687]],
[[5.731472,50.6924324],[118.7782662,32.0610617]],
[[-49.6647263,-26.7456093],[139.9407354,35.9053633]],
[[-1.5513552,53.804323],[140.8737093,38.2531445]],
[[-112.0633516,33.4522701],[141.3477771,43.0889022]],
[[-84.3858108,33.7835452],[11.7687597,48.2697678]],
[[-75.1902959,39.9500785],[-49.6647263,-26.7456093]],
[[30.3060431,59.9431026],[-122.4559333,37.7648722]],
[[126.9600976,37.4685765],[-113.5150512,53.5307049]],
[[-99.1768017,19.3366704],[144.9585796,-37.7970965]],
[[36.8241651,-1.2913078],[140.8737093,38.2531445]],
[[-2.2262753,53.4716848],[-49.6647263,-26.7456093]],
[[-71.0817241,42.3628704],[121.5066331,31.3047479]],
[[-84.3858108,33.7835452],[139.4842303,35.5175397]],
[[11.5699075,48.1514082],[121.446005,31.0366062]],
[[-96.3235645,30.6332765],[-1.5513552,53.804323]],
[[121.446005,31.0366062],[-118.2801178,34.0254826]],
[[-1.5513552,53.804323],[141.3477771,43.0889022]],
[[-47.000885,-22.8138409],[121.5066331,31.3047479]],
[[36.8241651,-1.2913078],[141.3477771,43.0889022]],
[[120.17342,30.2599684],[-92.46595,44.0224239]],
[[-99.1768017,19.3366704],[103.7854631,1.3027873]],
[[120.17342,30.2599684],[-49.6647263,-26.7456093]],
[[-80.85707,41.60702],[-49.6647263,-26.7456093]],
[[116.3308219,40.0118473],[30.3060431,59.9431026]],
[[6.0593155,46.2391497],[153.020611,-27.4915542]],
[[151.1951565,-33.8847761],[-99.1768017,19.3366704]],
[[121.446005,31.0366062],[-47.000885,-22.8138409]],
[[4.89017,52.3688],[140.8737093,38.2531445]],
[[141.3477771,43.0889022],[121.5066331,31.3047479]],
[[11.7687597,48.2697678],[-84.3858108,33.7835452]],
[[-79.9489337,40.4468365],[3.7110629,51.0081673]],
[[4.89017,52.3688],[141.3477771,43.0889022]],
[[-87.5962878,41.7860023],[120.17342,30.2599684]],
[[-92.46595,44.0224239],[30.3060431,59.9431026]],
[[-90.45997,35.95422],[-122.2218097,37.884425]],
[[141.3477771,43.0889022],[-90.45997,35.95422]],
[[11.5699075,48.1514082],[141.3477771,43.0889022]],
[[121.446005,31.0366062],[-1.5513552,53.804323]],
[[30.3060431,59.9431026],[103.7854631,1.3027873]],
[[118.7782662,32.0610617],[11.3559467,44.4948202]],
[[11.3559467,44.4948202],[-99.1768017,19.3366704]],
[[-122.4559333,37.7648722],[-104.6387914,23.9998614]],
[[-87.6692516,42.0687925],[-99.1768017,19.3366704]],
[[-104.6387914,23.9998614],[-118.2801178,34.0254826]],
[[141.3477771,43.0889022],[-83.0094938,40.0002591]],
[[0.108564,52.205687],[-49.6647263,-26.7456093]],
[[-1.2545588,51.75786],[-49.6647263,-26.7456093]],
[[5.731472,50.6924324],[-92.46595,44.0224239]],
[[-122.4559333,37.7648722],[136.9742933,35.1577474]],
[[-86.9091505,40.4517096],[130.2237602,33.5992911]],
[[-99.1768017,19.3366704],[151.1951565,-33.8847761]],
[[-73.9571123,40.8106295],[-49.6647263,-26.7456093]],
[[130.2237602,33.5992911],[11.5699075,48.1514082]],
[[139.4842303,35.5175397],[18.0311158,59.3515953]],
[[-90.45997,35.95422],[116.3308219,40.0118473]],
[[34.8074103,32.1176907],[141.3477771,43.0889022]],
[[126.9600976,37.4685765],[-99.1768017,19.3366704]],
[[-90.45997,35.95422],[-123.1966053,49.2845486]],
[[-2.2262753,53.4716848],[-79.3400239,43.7239871]],
[[-76.4554462,42.4598758],[118.7782662,32.0610617]],
[[-121.7315726,38.5462214],[141.3477771,43.0889022]],
[[136.9742933,35.1577474],[-0.1285332,51.5192636]],
[[-79.3400239,43.7239871],[-122.4559333,37.7648722]],
[[-49.6647263,-26.7456093],[-0.1742745,51.5005047]],
[[5.731472,50.6924324],[-96.3235645,30.6332765]],
[[-84.3858108,33.7835452],[18.0311158,59.3515953]],
[[121.5066331,31.3047479],[-104.6387914,23.9998614]],
[[-75.1902959,39.9500785],[141.3477771,43.0889022]],
[[-84.3858108,33.7835452],[135.4555343,34.8035885]],
[[-122.4559333,37.7648722],[5.731472,50.6924324]],
[[-90.45997,35.95422],[120.17342,30.2599684]],
[[30.3060431,59.9431026],[153.020611,-27.4915542]],
[[-0.1285332,51.5192636],[36.8241651,-1.2913078]],
[[120.17342,30.2599684],[141.3477771,43.0889022]],
[[144.9585796,-37.7970965],[-49.6647263,-26.7456093]],
[[153.020611,-27.4915542],[121.535977,25.0183173]],
[[-118.2801178,34.0254826],[6.0593155,46.2391497]],
[[6.0593155,46.2391497],[-118.2801178,34.0254826]],
[[-80.85707,41.60702],[141.3477771,43.0889022]],
[[121.5066331,31.3047479],[4.89017,52.3688]],
[[11.4441833,44.5749359],[5.731472,50.6924324]],
[[-118.2801178,34.0254826],[6.0706367,50.7768129]],
[[-118.2801178,34.0254826],[3.7110629,51.0081673]],
[[-88.2096284,40.1164187],[-47.000885,-22.8138409]],
[[126.9450979,37.5753299],[11.4441833,44.5749359]],
[[11.4441833,44.5749359],[126.9450979,37.5753299]],
[[130.2237602,33.5992911],[-76.7007908,39.9553563]],
[[-90.45997,35.95422],[12.5733745,55.6807821]],
[[5.731472,50.6924324],[37.6130966,55.7571509]],
[[-49.6647263,-26.7456093],[36.8241651,-1.2913078]],
[[121.5066331,31.3047479],[5.731472,50.6924324]],
[[-86.9091505,40.4517096],[140.8737093,38.2531445]],
[[121.5066331,31.3047479],[-87.5962878,41.7860023]],
[[126.9450979,37.5753299],[-76.4554462,42.4598758]],
[[-84.3858108,33.7835452],[-80.85707,41.60702]],
[[121.5066331,31.3047479],[126.9450979,37.5753299]],
[[-86.9091505,40.4517096],[141.3477771,43.0889022]],
[[-88.2096284,40.1164187],[-1.5513552,53.804323]],
[[-79.3400239,43.7239871],[6.0593155,46.2391497]],
[[-49.6647263,-26.7456093],[-122.4559333,37.7648722]],
[[6.0706367,50.7768129],[-73.5727281,45.5124158]],
[[6.0593155,46.2391497],[-1.5513552,53.804323]],
[[-74.6628628,40.3484807],[-99.1768017,19.3366704]],
[[-76.4554462,42.4598758],[-92.46595,44.0224239]],
[[118.7782662,32.0610617],[-117.2284313,32.8914477]],
[[-76.4554462,42.4598758],[-49.6647263,-26.7456093]],
[[-90.45997,35.95422],[139.4842303,35.5175397]],
[[-49.6647263,-26.7456093],[34.8074103,32.1176907]],
[[-84.3858108,33.7835452],[118.7782662,32.0610617]],
[[118.7782662,32.0610617],[-104.6387914,23.9998614]],
[[-99.1768017,19.3366704],[-118.2801178,34.0254826]],
[[-76.4554462,42.4598758],[130.2237602,33.5992911]],
[[18.0311158,59.3515953],[116.3308219,40.0118473]],
[[-87.6692516,42.0687925],[121.5066331,31.3047479]],
[[-117.2284313,32.8914477],[5.731472,50.6924324]],
[[-123.1966053,49.2845486],[-47.000885,-22.8138409]],
[[116.370288,40.0045295],[18.0311158,59.3515953]],
[[-79.3400239,43.7239871],[151.1951565,-33.8847761]],
[[116.3308219,40.0118473],[24.9535858,60.1777676]],
[[-79.3400239,43.7239871],[153.020611,-27.4915542]],
[[-47.000885,-22.8138409],[-122.2218097,37.884425]],
[[-84.4911193,42.7339895],[5.731472,50.6924324]],
[[140.8737093,38.2531445],[-87.6692516,42.0687925]],
[[-49.6647263,-26.7456093],[144.9585796,-37.7970965]],
[[103.7854631,1.3027873],[11.4441833,44.5749359]],
[[-79.3875172,43.6686165],[120.17342,30.2599684]],
[[130.2237602,33.5992911],[-87.6692516,42.0687925]],
[[126.9450979,37.5753299],[-122.2865937,47.6612001]],
[[139.4842303,35.5175397],[-87.6692516,42.0687925]],
[[-49.6647263,-26.7456093],[103.7854631,1.3027873]],
[[5.731472,50.6924324],[135.774119,35.0203314]],
[[-84.4911193,42.7339895],[126.9450979,37.5753299]],
[[18.0311158,59.3515953],[120.17342,30.2599684]],
[[-0.1285332,51.5192636],[6.0593155,46.2391497]],
[[-73.5727281,45.5124158],[5.731472,50.6924324]],
[[5.731472,50.6924324],[-74.6628628,40.3484807]],
[[12.5733745,55.6807821],[103.7854631,1.3027873]],
[[103.7854631,1.3027873],[12.5733745,55.6807821]],
[[-47.000885,-22.8138409],[116.3308219,40.0118473]],
[[136.9742933,35.1577474],[-122.4559333,37.7648722]],
[[5.731472,50.6924324],[-112.0633516,33.4522701]],
[[116.3308219,40.0118473],[-99.1768017,19.3366704]],
[[140.8737093,38.2531445],[-49.6647263,-26.7456093]],
[[-0.1285332,51.5192636],[6.0706367,50.7768129]],
[[130.2237602,33.5992911],[-49.6647263,-26.7456093]],
[[118.7782662,32.0610617],[5.731472,50.6924324]],
[[-47.000885,-22.8138409],[-123.1966053,49.2845486]],
[[144.9585796,-37.7970965],[141.3477771,43.0889022]],
[[139.4842303,35.5175397],[-49.6647263,-26.7456093]],
[[5.731472,50.6924324],[-84.3858108,33.7835452]],
[[-0.1285332,51.5192636],[3.7110629,51.0081673]],
[[103.7854631,1.3027873],[11.7687597,48.2697678]],
[[-82.3422156,29.6519557],[130.2237602,33.5992911]],
[[118.7782662,32.0610617],[126.9450979,37.5753299]],
[[121.446005,31.0366062],[30.3060431,59.9431026]],
[[-49.6647263,-26.7456093],[6.0593155,46.2391497]],
[[103.7854631,1.3027873],[139.4842303,35.5175397]],
[[120.17342,30.2599684],[-75.1902959,39.9500785]],
[[116.3153474,39.9982853],[4.89017,52.3688]],
[[-49.6647263,-26.7456093],[6.0706367,50.7768129]],
[[-84.3858108,33.7835452],[-92.46595,44.0224239]],
[[24.9535858,60.1777676],[-79.3400239,43.7239871]],
[[-113.5150512,53.5307049],[-118.2801178,34.0254826]],
[[12.5733745,55.6807821],[6.0706367,50.7768129]],
[[-49.6647263,-26.7456093],[3.7110629,51.0081673]],
[[-76.9422543,38.9857489],[121.5066331,31.3047479]],
[[116.3153474,39.9982853],[5.731472,50.6924324]],
[[11.4441833,44.5749359],[-0.1285332,51.5192636]],
[[-92.46595,44.0224239],[-104.6387914,23.9998614]],
[[-84.3858108,33.7835452],[-49.6647263,-26.7456093]],
[[-90.45997,35.95422],[18.0311158,59.3515953]],
[[11.7687597,48.2697678],[121.5066331,31.3047479]],
[[141.3477771,43.0889022],[-123.1966053,49.2845486]],
[[5.731472,50.6924324],[-113.5150512,53.5307049]],
[[-90.45997,35.95422],[11.5699075,48.1514082]],
[[-96.3235645,30.6332765],[135.774119,35.0203314]],
[[-76.7007908,39.9553563],[11.7687597,48.2697678]],
[[-76.4554462,42.4598758],[140.8737093,38.2531445]],
[[-90.45997,35.95422],[135.4555343,34.8035885]],
[[126.9450979,37.5753299],[18.0311158,59.3515953]],
[[-1.5513552,53.804323],[136.9742933,35.1577474]],
[[-84.3858108,33.7835452],[130.2237602,33.5992911]],
[[-49.6647263,-26.7456093],[151.1951565,-33.8847761]],
[[120.17342,30.2599684],[0.108564,52.205687]],
[[-49.6647263,-26.7456093],[153.020611,-27.4915542]],
[[-90.45997,35.95422],[-97.721796,30.3973701]],
[[-76.4554462,42.4598758],[141.3477771,43.0889022]],
[[-83.0094938,40.0002591],[121.5066331,31.3047479]],
[[120.17342,30.2599684],[-1.2545588,51.75786]],
[[-90.45997,35.95422],[-83.16261,41.1171562]],
[[18.0311158,59.3515953],[139.4842303,35.5175397]],
[[6.0593155,46.2391497],[-79.3400239,43.7239871]],
[[141.3477771,43.0889022],[120.17342,30.2599684]],
[[-74.6628628,40.3484807],[121.5066331,31.3047479]],
[[13.1902511,55.7040071],[-76.7007908,39.9553563]],
[[30.3060431,59.9431026],[118.7782662,32.0610617]],
[[120.17342,30.2599684],[-79.3875172,43.6686165]],
[[-118.2801178,34.0254826],[-47.000885,-22.8138409]],
[[-49.6647263,-26.7456093],[-122.1520381,37.4433992]],
[[103.7854631,1.3027873],[6.0706367,50.7768129]],
[[5.731472,50.6924324],[-73.5727281,45.5124158]],
[[4.89017,52.3688],[-104.6387914,23.9998614]],
[[121.535977,25.0183173],[120.17342,30.2599684]],
[[-47.000885,-22.8138409],[11.7687597,48.2697678]],
[[136.9742933,35.1577474],[6.0706367,50.7768129]],
[[-92.46595,44.0224239],[5.731472,50.6924324]],
[[-112.0633516,33.4522701],[5.731472,50.6924324]],
[[-118.2801178,34.0254826],[-1.5513552,53.804323]],
[[135.4555343,34.8035885],[-104.6387914,23.9998614]],
[[37.6130966,55.7571509],[5.731472,50.6924324]],
[[141.3477771,43.0889022],[11.4441833,44.5749359]],
[[130.2237602,33.5992911],[-76.9422543,38.9857489]],
[[-112.0633516,33.4522701],[126.9450979,37.5753299]],
[[121.446005,31.0366062],[-74.6628628,40.3484807]],
[[-92.46595,44.0224239],[116.370288,40.0045295]],
[[141.3477771,43.0889022],[-76.4554462,42.4598758]],
[[136.9742933,35.1577474],[3.7110629,51.0081673]],
[[-49.6647263,-26.7456093],[-71.0817241,42.3628704]],
[[-82.3422156,29.6519557],[141.3477771,43.0889022]],
[[141.3477771,43.0889022],[12.5733745,55.6807821]],
[[36.8241651,-1.2913078],[5.731472,50.6924324]],
[[-1.5513552,53.804323],[126.9450979,37.5753299]],
[[-99.1768017,19.3366704],[-79.3400239,43.7239871]],
[[-79.3400239,43.7239871],[-47.000885,-22.8138409]],
[[6.0706367,50.7768129],[121.5066331,31.3047479]],
[[-79.3400239,43.7239871],[-1.5513552,53.804323]],
[[136.9742933,35.1577474],[153.020611,-27.4915542]],
[[121.5066331,31.3047479],[-0.1742745,51.5005047]],
[[126.9450979,37.5753299],[-84.4911193,42.7339895]],
[[-90.45997,35.95422],[-76.7007908,39.9553563]],
[[118.7782662,32.0610617],[-0.1285332,51.5192636]],
[[-47.000885,-22.8138409],[-122.2865937,47.6612001]],
[[121.535977,25.0183173],[12.5733745,55.6807821]],
[[34.8074103,32.1176907],[-104.6387914,23.9998614]],
[[116.370288,40.0045295],[-49.6647263,-26.7456093]],
[[-46.7124955,-23.5493924],[-79.3400239,43.7239871]],
[[116.370288,40.0045295],[-92.46595,44.0224239]],
[[139.9407354,35.9053633],[-49.6647263,-26.7456093]],
[[-112.0633516,33.4522701],[116.3153474,39.9982853]],
[[-84.3858108,33.7835452],[140.8737093,38.2531445]],
[[11.5699075,48.1514082],[5.731472,50.6924324]],
[[126.9450979,37.5753299],[118.7782662,32.0610617]],
[[-92.46595,44.0224239],[116.3153474,39.9982853]],
[[-87.5962878,41.7860023],[-49.6647263,-26.7456093]],
[[-90.45997,35.95422],[-79.9489337,40.4468365]],
[[116.3308219,40.0118473],[-90.45997,35.95422]],
[[-1.5513552,53.804323],[116.3153474,39.9982853]],
[[126.9450979,37.5753299],[-93.2365192,44.973336]],
[[30.3060431,59.9431026],[-92.46595,44.0224239]],
[[4.89017,52.3688],[126.9450979,37.5753299]],
[[-75.1902959,39.9500785],[-104.6387914,23.9998614]],
[[13.1902511,55.7040071],[-49.6647263,-26.7456093]],
[[-84.3858108,33.7835452],[141.3477771,43.0889022]],
[[-49.6647263,-26.7456093],[-118.2801178,34.0254826]],
[[-122.1520381,37.4433992],[-47.000885,-22.8138409]],
[[153.020611,-27.4915542],[116.3308219,40.0118473]],
[[-76.7007908,39.9553563],[135.4555343,34.8035885]],
[[120.17342,30.2599684],[-117.2284313,32.8914477]],
[[-92.46595,44.0224239],[-90.45997,35.95422]],
[[-83.16261,41.1171562],[-79.3400239,43.7239871]],
[[121.5066331,31.3047479],[36.8241651,-1.2913078]],
[[120.17342,30.2599684],[136.9742933,35.1577474]],
[[-121.7315726,38.5462214],[5.731472,50.6924324]],
[[-121.7315726,38.5462214],[126.9450979,37.5753299]],
[[151.1951565,-33.8847761],[120.17342,30.2599684]],
[[4.89017,52.3688],[116.3153474,39.9982853]],
[[-47.000885,-22.8138409],[18.0311158,59.3515953]],
[[-83.6709317,42.3125148],[-47.000885,-22.8138409]],
[[121.446005,31.0366062],[24.9535858,60.1777676]],
[[-71.0817241,42.3628704],[18.0311158,59.3515953]],
[[34.8074103,32.1176907],[126.9450979,37.5753299]],
[[126.9450979,37.5753299],[-87.6692516,42.0687925]],
[[-49.6647263,-26.7456093],[-1.5513552,53.804323]],
[[118.7782662,32.0610617],[-0.1742745,51.5005047]],
[[-75.1902959,39.9500785],[5.731472,50.6924324]],
[[-104.6387914,23.9998614],[-113.5150512,53.5307049]],
[[-47.000885,-22.8138409],[135.4555343,34.8035885]],
[[121.5066331,31.3047479],[34.8074103,32.1176907]],
[[-79.9489337,40.4468365],[141.3477771,43.0889022]],
[[-90.45997,35.95422],[-92.46595,44.0224239]],
[[37.6130966,55.7571509],[-0.1285332,51.5192636]],
[[120.17342,30.2599684],[4.89017,52.3688]],
[[24.9535858,60.1777676],[-84.3858108,33.7835452]],
[[18.0311158,59.3515953],[-84.4911193,42.7339895]],
[[120.17342,30.2599684],[5.731472,50.6924324]],
[[-87.5962878,41.7860023],[-79.3400239,43.7239871]],
[[130.2237602,33.5992911],[-82.3422156,29.6519557]],
[[121.446005,31.0366062],[-99.1768017,19.3366704]],
[[136.9742933,35.1577474],[-118.2801178,34.0254826]],
[[5.731472,50.6924324],[121.535977,25.0183173]],
[[-90.45997,35.95422],[130.2237602,33.5992911]],
[[126.9450979,37.5753299],[-49.6647263,-26.7456093]],
[[36.8241651,-1.2913078],[-0.1285332,51.5192636]],
[[120.17342,30.2599684],[-87.5962878,41.7860023]],
[[141.3477771,43.0889022],[11.5699075,48.1514082]],
[[-47.000885,-22.8138409],[-2.2262753,53.4716848]],
[[6.0593155,46.2391497],[-84.3858108,33.7835452]],
[[11.4441833,44.5749359],[103.7854631,1.3027873]],
[[34.8074103,32.1176907],[116.3153474,39.9982853]],
[[121.5066331,31.3047479],[144.9585796,-37.7970965]],
[[-122.4559333,37.7648722],[6.0706367,50.7768129]],
[[126.9600976,37.4685765],[120.17342,30.2599684]],
[[-0.1742745,51.5005047],[121.5066331,31.3047479]],
[[4.7019362,50.8832052],[-86.9091505,40.4517096]],
[[-84.4911193,42.7339895],[-122.4559333,37.7648722]],
[[-86.9091505,40.4517096],[5.731472,50.6924324]],
[[-47.000885,-22.8138409],[-84.4911193,42.7339895]],
[[136.9742933,35.1577474],[-47.000885,-22.8138409]],
[[153.020611,-27.4915542],[139.4842303,35.5175397]],
[[5.731472,50.6924324],[121.5066331,31.3047479]],
[[5.731472,50.6924324],[126.9600976,37.4685765]],
[[136.9742933,35.1577474],[-1.5513552,53.804323]],
[[-87.6692516,42.0687925],[12.5733745,55.6807821]],
[[13.1902511,55.7040071],[141.3477771,43.0889022]],
[[103.7854631,1.3027873],[-87.6692516,42.0687925]],
[[135.774119,35.0203314],[-49.6647263,-26.7456093]],
[[-99.1768017,19.3366704],[-74.6628628,40.3484807]],
[[-47.000885,-22.8138409],[-83.6709317,42.3125148]],
[[118.7782662,32.0610617],[-122.4559333,37.7648722]],
[[121.5066331,31.3047479],[6.0706367,50.7768129]],
[[-90.45997,35.95422],[121.446005,31.0366062]],
[[-73.9571123,40.8106295],[5.731472,50.6924324]],
[[141.3477771,43.0889022],[-80.85707,41.60702]],
[[-118.2801178,34.0254826],[37.6130966,55.7571509]],
[[141.3477771,43.0889022],[-84.4911193,42.7339895]],
[[-87.6692516,42.0687925],[139.4842303,35.5175397]],
[[103.7854631,1.3027873],[-49.6647263,-26.7456093]],
[[144.9585796,-37.7970965],[-104.6387914,23.9998614]],
[[0.108564,52.205687],[126.9450979,37.5753299]],
[[126.9450979,37.5753299],[121.446005,31.0366062]],
[[-47.000885,-22.8138409],[-79.9489337,40.4468365]],
[[-49.6647263,-26.7456093],[-88.2096284,40.1164187]],
[[121.535977,25.0183173],[-84.4911193,42.7339895]],
[[141.3477771,43.0889022],[-76.7007908,39.9553563]],
[[-79.3875172,43.6686165],[-49.6647263,-26.7456093]],
[[141.3477771,43.0889022],[-83.6709317,42.3125148]],
[[153.020611,-27.4915542],[6.0706367,50.7768129]],
[[-84.3858108,33.7835452],[0.108564,52.205687]],
[[11.7687597,48.2697678],[120.17342,30.2599684]],
[[-76.7007908,39.9553563],[-49.6647263,-26.7456093]],
[[-79.3400239,43.7239871],[30.3060431,59.9431026]],
[[141.3477771,43.0889022],[-93.2365192,44.973336]],
[[18.0311158,59.3515953],[-49.6647263,-26.7456093]],
[[-49.6647263,-26.7456093],[-79.3400239,43.7239871]],
[[-46.7124955,-23.5493924],[-84.3858108,33.7835452]],
[[-90.45997,35.95422],[141.3477771,43.0889022]],
[[120.17342,30.2599684],[-46.7124955,-23.5493924]],
[[116.3153474,39.9982853],[34.8074103,32.1176907]],
[[-79.3400239,43.7239871],[37.6130966,55.7571509]],
[[-74.6628628,40.3484807],[120.17342,30.2599684]],
[[12.5733745,55.6807821],[-79.3400239,43.7239871]],
[[24.9535858,60.1777676],[-99.1768017,19.3366704]],
[[30.3060431,59.9431026],[-84.3858108,33.7835452]],
[[5.731472,50.6924324],[-89.3940996,43.0920898]],
[[141.3477771,43.0889022],[-79.9489337,40.4468365]],
[[121.535977,25.0183173],[-76.7007908,39.9553563]],
[[144.9585796,-37.7970965],[5.731472,50.6924324]],
[[-76.9422543,38.9857489],[12.5733745,55.6807821]],
[[-2.2262753,53.4716848],[-0.1285332,51.5192636]],
[[-76.4554462,42.4598758],[136.9742933,35.1577474]],
[[-76.7007908,39.9553563],[130.2237602,33.5992911]],
[[-92.46595,44.0224239],[36.8241651,-1.2913078]],
[[120.17342,30.2599684],[-0.1285332,51.5192636]],
[[-1.2545588,51.75786],[-90.45997,35.95422]],
[[-49.6647263,-26.7456093],[-96.3235645,30.6332765]],
[[-71.0817241,42.3628704],[-92.46595,44.0224239]],
[[-71.0817241,42.3628704],[-49.6647263,-26.7456093]],
[[151.1951565,-33.8847761],[11.5699075,48.1514082]],
[[-47.000885,-22.8138409],[-92.46595,44.0224239]],
[[-73.5727281,45.5124158],[6.0706367,50.7768129]],
[[121.5066331,31.3047479],[-71.0817241,42.3628704]],
[[153.020611,-27.4915542],[11.5699075,48.1514082]],
[[118.7782662,32.0610617],[6.0706367,50.7768129]],
[[121.446005,31.0366062],[-90.45997,35.95422]],
[[-99.1768017,19.3366704],[24.9535858,60.1777676]],
[[-74.6628628,40.3484807],[12.5733745,55.6807821]],
[[141.3477771,43.0889022],[-87.6692516,42.0687925]],
[[118.7782662,32.0610617],[-121.7315726,38.5462214]],
[[-84.3858108,33.7835452],[13.1902511,55.7040071]],
[[-84.4911193,42.7339895],[153.020611,-27.4915542]],
[[6.0706367,50.7768129],[120.17342,30.2599684]],
[[118.7782662,32.0610617],[3.7110629,51.0081673]],
[[103.7854631,1.3027873],[-76.9422543,38.9857489]],
[[-76.4554462,42.4598758],[5.731472,50.6924324]],
[[-79.9489337,40.4468365],[-99.1768017,19.3366704]],
[[-0.1285332,51.5192636],[37.6130966,55.7571509]],
[[-0.1285332,51.5192636],[30.3060431,59.9431026]],
[[-47.000885,-22.8138409],[130.2237602,33.5992911]],
[[140.8737093,38.2531445],[-104.6387914,23.9998614]],
[[-76.4554462,42.4598758],[126.9450979,37.5753299]],
[[-76.7007908,39.9553563],[121.446005,31.0366062]],
[[118.7782662,32.0610617],[153.020611,-27.4915542]],
[[141.3477771,43.0889022],[-92.46595,44.0224239]],
[[-123.1966053,49.2845486],[-99.1768017,19.3366704]],
[[3.7110629,51.0081673],[116.3308219,40.0118473]],
[[130.2237602,33.5992911],[-104.6387914,23.9998614]],
[[18.0311158,59.3515953],[121.446005,31.0366062]],
[[30.3060431,59.9431026],[-73.5727281,45.5124158]],
[[103.7854631,1.3027873],[141.3477771,43.0889022]],
[[-87.6692516,42.0687925],[-83.16261,41.1171562]],
[[-122.4559333,37.7648722],[-47.000885,-22.8138409]],
[[-49.6647263,-26.7456093],[30.3060431,59.9431026]],
[[18.0311158,59.3515953],[-79.3400239,43.7239871]],
[[-49.6647263,-26.7456093],[37.6130966,55.7571509]],
[[-112.0633516,33.4522701],[103.7854631,1.3027873]],
[[-118.2801178,34.0254826],[-113.5150512,53.5307049]],
[[6.0706367,50.7768129],[12.5733745,55.6807821]],
[[18.0311158,59.3515953],[-76.9422543,38.9857489]],
[[121.535977,25.0183173],[-49.6647263,-26.7456093]],
[[153.020611,-27.4915542],[-84.4911193,42.7339895]],
[[37.6130966,55.7571509],[103.7854631,1.3027873]],
[[144.9585796,-37.7970965],[-90.45997,35.95422]],
[[-104.6387914,23.9998614],[121.5066331,31.3047479]],
[[-79.3875172,43.6686165],[141.3477771,43.0889022]],
[[120.17342,30.2599684],[-0.1742745,51.5005047]],
[[-47.000885,-22.8138409],[121.446005,31.0366062]],
[[140.8737093,38.2531445],[4.89017,52.3688]],
[[36.8241651,-1.2913078],[103.7854631,1.3027873]],
[[-76.7007908,39.9553563],[141.3477771,43.0889022]],
[[-82.3422156,29.6519557],[5.731472,50.6924324]],
[[-47.000885,-22.8138409],[-73.9571123,40.8106295]],
[[-84.3858108,33.7835452],[136.9742933,35.1577474]],
[[-1.5513552,53.804323],[6.0593155,46.2391497]],
[[140.8737093,38.2531445],[5.731472,50.6924324]],
[[-92.46595,44.0224239],[-76.4554462,42.4598758]],
[[126.9450979,37.5753299],[-82.3422156,29.6519557]],
[[-82.3422156,29.6519557],[126.9450979,37.5753299]],
[[130.2237602,33.5992911],[5.731472,50.6924324]],
[[-90.45997,35.95422],[-75.1902959,39.9500785]],
[[121.5066331,31.3047479],[-47.000885,-22.8138409]],
[[121.5066331,31.3047479],[-1.5513552,53.804323]],
[[103.7854631,1.3027873],[30.3060431,59.9431026]],
[[-76.9422543,38.9857489],[18.0311158,59.3515953]],
[[11.3559467,44.4948202],[118.7782662,32.0610617]],
[[24.9535858,60.1777676],[121.5066331,31.3047479]],
[[139.4842303,35.5175397],[5.731472,50.6924324]],
[[-84.3858108,33.7835452],[4.89017,52.3688]],
[[-1.5513552,53.804323],[-121.7315726,38.5462214]],
[[4.89017,52.3688],[103.7854631,1.3027873]],
[[-88.2096284,40.1164187],[121.5066331,31.3047479]],
[[-47.000885,-22.8138409],[140.8737093,38.2531445]],
[[141.3477771,43.0889022],[121.446005,31.0366062]],
[[-97.721796,30.3973701],[-104.6387914,23.9998614]],
[[-112.0633516,33.4522701],[153.020611,-27.4915542]],
[[120.17342,30.2599684],[36.8241651,-1.2913078]],
[[-84.3858108,33.7835452],[5.731472,50.6924324]],
[[-90.45997,35.95422],[-1.2545588,51.75786]],
[[37.6130966,55.7571509],[153.020611,-27.4915542]],
[[-90.45997,35.95422],[0.108564,52.205687]],
[[-47.000885,-22.8138409],[141.3477771,43.0889022]],
[[-49.6647263,-26.7456093],[135.774119,35.0203314]],
[[-84.3858108,33.7835452],[126.9450979,37.5753299]],
[[-74.6628628,40.3484807],[18.0311158,59.3515953]],
[[141.3477771,43.0889022],[-76.9422543,38.9857489]],
[[-49.6647263,-26.7456093],[-74.6628628,40.3484807]],
[[-49.6647263,-26.7456093],[-112.0633516,33.4522701]],
[[-90.45997,35.95422],[-79.3875172,43.6686165]],
[[36.8241651,-1.2913078],[153.020611,-27.4915542]],
[[-79.3400239,43.7239871],[24.9535858,60.1777676]],
[[5.731472,50.6924324],[-123.1966053,49.2845486]],
[[12.5733745,55.6807821],[-74.6628628,40.3484807]],
[[153.020611,-27.4915542],[-87.6692516,42.0687925]],
[[130.2237602,33.5992911],[116.3153474,39.9982853]],
[[118.7782662,32.0610617],[-118.2801178,34.0254826]],
[[126.9450979,37.5753299],[0.108564,52.205687]],
[[-118.2801178,34.0254826],[-99.1768017,19.3366704]],
[[-99.1768017,19.3366704],[121.535977,25.0183173]],
[[-49.6647263,-26.7456093],[-84.3858108,33.7835452]],
[[120.17342,30.2599684],[-122.4559333,37.7648722]],
[[126.9450979,37.5753299],[-79.3875172,43.6686165]],
[[4.7019362,50.8832052],[-84.3858108,33.7835452]],
[[12.5733745,55.6807821],[-84.3858108,33.7835452]],
[[34.8074103,32.1176907],[103.7854631,1.3027873]],
[[103.7854631,1.3027873],[-82.3422156,29.6519557]],
[[-0.1742745,51.5005047],[120.17342,30.2599684]],
[[120.17342,30.2599684],[34.8074103,32.1176907]],
[[-84.4911193,42.7339895],[-47.000885,-22.8138409]],
[[-121.7315726,38.5462214],[103.7854631,1.3027873]],
[[-84.4911193,42.7339895],[-1.5513552,53.804323]],
[[151.1951565,-33.8847761],[-49.6647263,-26.7456093]],
[[5.731472,50.6924324],[120.17342,30.2599684]],
[[-122.2218097,37.884425],[-47.000885,-22.8138409]],
[[153.020611,-27.4915542],[-49.6647263,-26.7456093]],
[[-92.46595,44.0224239],[-71.0817241,42.3628704]],
[[-99.1768017,19.3366704],[126.9600976,37.4685765]],
[[-123.1966053,49.2845486],[-90.45997,35.95422]],
[[11.5699075,48.1514082],[151.1951565,-33.8847761]],
[[-99.1768017,19.3366704],[121.5066331,31.3047479]],
[[11.5699075,48.1514082],[153.020611,-27.4915542]],
[[-79.3400239,43.7239871],[-99.1768017,19.3366704]],
[[-49.6647263,-26.7456093],[-113.5150512,53.5307049]],
[[-117.2284313,32.8914477],[118.7782662,32.0610617]],
[[-79.9489337,40.4468365],[5.731472,50.6924324]],
[[-122.4559333,37.7648722],[-79.3400239,43.7239871]],
[[11.3559467,44.4948202],[-49.6647263,-26.7456093]],
[[-76.9422543,38.9857489],[118.7782662,32.0610617]],
[[-1.5513552,53.804323],[-71.0817241,42.3628704]],
[[5.731472,50.6924324],[11.4441833,44.5749359]],
[[120.17342,30.2599684],[144.9585796,-37.7970965]],
[[153.020611,-27.4915542],[130.2237602,33.5992911]],
[[-90.45997,35.95422],[13.1902511,55.7040071]],
[[118.7782662,32.0610617],[-1.5513552,53.804323]],
[[5.731472,50.6924324],[-76.4554462,42.4598758]],
[[121.5066331,31.3047479],[-88.2096284,40.1164187]],
[[-93.2365192,44.973336],[11.5699075,48.1514082]],
[[11.7687597,48.2697678],[-76.7007908,39.9553563]],
[[116.3308219,40.0118473],[18.0311158,59.3515953]],
[[121.446005,31.0366062],[-122.2218097,37.884425]],
[[-87.6692516,42.0687925],[-49.6647263,-26.7456093]],
[[116.3308219,40.0118473],[11.5699075,48.1514082]],
[[-80.85707,41.60702],[103.7854631,1.3027873]],
[[136.9742933,35.1577474],[-84.3858108,33.7835452]],
[[116.3153474,39.9982853],[-1.5513552,53.804323]],
[[140.8737093,38.2531445],[-0.1285332,51.5192636]],
[[120.17342,30.2599684],[6.0593155,46.2391497]],
[[-74.6628628,40.3484807],[118.7782662,32.0610617]],
[[5.731472,50.6924324],[11.7687597,48.2697678]],
[[126.9600976,37.4685765],[-49.6647263,-26.7456093]],
[[30.3060431,59.9431026],[121.5066331,31.3047479]],
[[-84.3858108,33.7835452],[-46.7124955,-23.5493924]],
[[118.7782662,32.0610617],[-86.9091505,40.4517096]],
[[34.8074103,32.1176907],[153.020611,-27.4915542]],
[[-87.6692516,42.0687925],[130.2237602,33.5992911]],
[[37.6130966,55.7571509],[-118.2801178,34.0254826]],
[[-113.5150512,53.5307049],[121.535977,25.0183173]],
[[120.17342,30.2599684],[6.0706367,50.7768129]],
[[-49.6647263,-26.7456093],[24.9535858,60.1777676]],
[[-87.5962878,41.7860023],[5.731472,50.6924324]],
[[5.731472,50.6924324],[139.4842303,35.5175397]],
[[139.4842303,35.5175397],[-0.1285332,51.5192636]],
[[153.020611,-27.4915542],[121.446005,31.0366062]],
[[-1.5513552,53.804323],[-118.2801178,34.0254826]],
[[13.1902511,55.7040071],[5.731472,50.6924324]],
[[153.020611,-27.4915542],[-79.3400239,43.7239871]],
[[-89.3940996,43.0920898],[121.5066331,31.3047479]],
[[-83.16261,41.1171562],[-90.45997,35.95422]],
[[-90.45997,35.95422],[136.9742933,35.1577474]],
[[-122.4559333,37.7648722],[30.3060431,59.9431026]],
[[-113.5150512,53.5307049],[126.9600976,37.4685765]],
[[141.3477771,43.0889022],[-82.3422156,29.6519557]],
[[153.020611,-27.4915542],[-76.9422543,38.9857489]],
[[120.17342,30.2599684],[151.1951565,-33.8847761]],
[[-122.2865937,47.6612001],[5.731472,50.6924324]],
[[5.731472,50.6924324],[-122.2865937,47.6612001]],
[[-113.5150512,53.5307049],[121.5066331,31.3047479]],
[[6.0706367,50.7768129],[118.7782662,32.0610617]],
[[-112.0633516,33.4522701],[-47.000885,-22.8138409]],
[[153.020611,-27.4915542],[140.8737093,38.2531445]],
[[-80.85707,41.60702],[153.020611,-27.4915542]],
[[37.6130966,55.7571509],[-1.5513552,53.804323]],
[[-122.2865937,47.6612001],[126.9450979,37.5753299]],
[[103.7854631,1.3027873],[13.1902511,55.7040071]],
[[-87.6692516,42.0687925],[121.446005,31.0366062]],
[[-96.3235645,30.6332765],[11.7687597,48.2697678]],
[[141.3477771,43.0889022],[-75.1902959,39.9500785]],
[[6.0706367,50.7768129],[-79.9489337,40.4468365]],
[[151.1951565,-33.8847761],[141.3477771,43.0889022]],
[[11.7687597,48.2697678],[-49.6647263,-26.7456093]],
[[120.17342,30.2599684],[-122.1520381,37.4433992]],
[[4.89017,52.3688],[-118.2801178,34.0254826]],
[[-47.000885,-22.8138409],[0.108564,52.205687]],
[[153.020611,-27.4915542],[141.3477771,43.0889022]],
[[-96.3235645,30.6332765],[139.4842303,35.5175397]],
[[-86.9091505,40.4517096],[153.020611,-27.4915542]],
[[-76.9422543,38.9857489],[130.2237602,33.5992911]],
[[-90.45997,35.95422],[5.731472,50.6924324]],
[[-47.000885,-22.8138409],[-79.3875172,43.6686165]],
[[-104.6387914,23.9998614],[116.3308219,40.0118473]],
[[130.2237602,33.5992911],[-0.1742745,51.5005047]],
[[-83.0094938,40.0002591],[-49.6647263,-26.7456093]],
[[-87.6692516,42.0687925],[140.8737093,38.2531445]],
[[-74.6628628,40.3484807],[-49.6647263,-26.7456093]],
[[-76.7007908,39.9553563],[13.1902511,55.7040071]],
[[126.9450979,37.5753299],[4.89017,52.3688]],
[[121.5066331,31.3047479],[37.6130966,55.7571509]],
[[-90.45997,35.95422],[116.370288,40.0045295]],
[[-90.45997,35.95422],[-87.5962878,41.7860023]],
[[-87.5962878,41.7860023],[-90.45997,35.95422]],
[[118.7782662,32.0610617],[-79.3400239,43.7239871]],
[[4.89017,52.3688],[-47.000885,-22.8138409]],
[[126.9450979,37.5753299],[5.731472,50.6924324]],
[[-87.6692516,42.0687925],[141.3477771,43.0889022]],
[[135.4555343,34.8035885],[-47.000885,-22.8138409]],
[[3.7110629,51.0081673],[118.7782662,32.0610617]],
[[11.5699075,48.1514082],[-1.5513552,53.804323]],
[[5.731472,50.6924324],[18.0311158,59.3515953]],
[[141.3477771,43.0889022],[-79.3875172,43.6686165]],
[[135.4555343,34.8035885],[-1.5513552,53.804323]],
[[103.7854631,1.3027873],[-104.6387914,23.9998614]],
[[153.020611,-27.4915542],[30.3060431,59.9431026]],
[[24.9535858,60.1777676],[116.3308219,40.0118473]],
[[118.7782662,32.0610617],[-96.3235645,30.6332765]],
[[5.731472,50.6924324],[11.5699075,48.1514082]],
[[3.7110629,51.0081673],[-79.9489337,40.4468365]],
[[140.8737093,38.2531445],[36.8241651,-1.2913078]],
[[-79.3875172,43.6686165],[-104.6387914,23.9998614]],
[[6.0706367,50.7768129],[-92.46595,44.0224239]],
[[6.0706367,50.7768129],[-49.6647263,-26.7456093]],
[[-122.4559333,37.7648722],[-84.3858108,33.7835452]],
[[34.8074103,32.1176907],[-47.000885,-22.8138409]],
[[-49.6647263,-26.7456093],[121.535977,25.0183173]],
[[135.774119,35.0203314],[5.731472,50.6924324]],
[[18.0311158,59.3515953],[-104.6387914,23.9998614]],
[[-121.7315726,38.5462214],[-1.5513552,53.804323]],
[[120.17342,30.2599684],[-118.2801178,34.0254826]],
[[140.8737093,38.2531445],[-122.4559333,37.7648722]],
[[130.2237602,33.5992911],[-122.4559333,37.7648722]],
[[12.5733745,55.6807821],[121.535977,25.0183173]],
[[24.9535858,60.1777676],[120.17342,30.2599684]],
[[-122.1520381,37.4433992],[-90.45997,35.95422]],
[[18.0311158,59.3515953],[136.9742933,35.1577474]],
[[6.0706367,50.7768129],[130.2237602,33.5992911]],
[[116.3308219,40.0118473],[-92.46595,44.0224239]],
[[116.3308219,40.0118473],[-49.6647263,-26.7456093]],
[[-74.6628628,40.3484807],[121.446005,31.0366062]],
[[141.3477771,43.0889022],[13.1902511,55.7040071]],
[[-1.5513552,53.804323],[-88.2096284,40.1164187]],
[[103.7854631,1.3027873],[5.731472,50.6924324]],
[[-0.1285332,51.5192636],[-90.45997,35.95422]],
[[139.4842303,35.5175397],[-122.4559333,37.7648722]],
[[-96.3235645,30.6332765],[18.0311158,59.3515953]],
[[-96.3235645,30.6332765],[11.5699075,48.1514082]],
[[-73.5727281,45.5124158],[30.3060431,59.9431026]],
[[6.0593155,46.2391497],[120.17342,30.2599684]],
[[5.731472,50.6924324],[-84.4911193,42.7339895]],
[[-76.9422543,38.9857489],[141.3477771,43.0889022]],
[[121.5066331,31.3047479],[-74.6628628,40.3484807]],
[[11.4441833,44.5749359],[-84.3858108,33.7835452]],
[[-49.6647263,-26.7456093],[126.9600976,37.4685765]],
[[103.7854631,1.3027873],[-87.5962878,41.7860023]],
[[118.7782662,32.0610617],[30.3060431,59.9431026]],
[[-2.2262753,53.4716848],[-47.000885,-22.8138409]],
[[121.5066331,31.3047479],[-112.0633516,33.4522701]],
[[37.6130966,55.7571509],[-79.3400239,43.7239871]],
[[-90.45997,35.95422],[139.9407354,35.9053633]],
[[-84.3858108,33.7835452],[-122.4559333,37.7648722]],
[[-1.5513552,53.804323],[-79.3400239,43.7239871]],
[[3.7110629,51.0081673],[-49.6647263,-26.7456093]],
[[4.7019362,50.8832052],[121.5066331,31.3047479]],
[[12.5733745,55.6807821],[121.5066331,31.3047479]],
[[121.535977,25.0183173],[13.1902511,55.7040071]],
[[-79.3875172,43.6686165],[126.9450979,37.5753299]],
[[-83.0094938,40.0002591],[141.3477771,43.0889022]],
[[18.0311158,59.3515953],[5.731472,50.6924324]],
[[-82.3422156,29.6519557],[103.7854631,1.3027873]],
[[36.8241651,-1.2913078],[-92.46595,44.0224239]],
[[-99.1768017,19.3366704],[116.3308219,40.0118473]],
[[-47.000885,-22.8138409],[136.9742933,35.1577474]],
[[12.5733745,55.6807821],[-90.45997,35.95422]],
[[18.0311158,59.3515953],[126.9450979,37.5753299]],
[[18.0311158,59.3515953],[116.370288,40.0045295]],
[[-92.46595,44.0224239],[-96.3235645,30.6332765]],
[[11.5699075,48.1514082],[-88.2096284,40.1164187]],
[[-96.3235645,30.6332765],[-2.2262753,53.4716848]],
[[141.3477771,43.0889022],[-117.2284313,32.8914477]],
[[3.7110629,51.0081673],[130.2237602,33.5992911]],
[[-49.6647263,-26.7456093],[-83.0094938,40.0002591]],
[[-90.45997,35.95422],[-0.1285332,51.5192636]],
[[-99.1768017,19.3366704],[-123.1966053,49.2845486]],
[[121.446005,31.0366062],[18.0311158,59.3515953]],
[[139.4842303,35.5175397],[103.7854631,1.3027873]],
[[121.446005,31.0366062],[11.5699075,48.1514082]],
[[121.5066331,31.3047479],[-113.5150512,53.5307049]],
[[-1.5513552,53.804323],[-96.3235645,30.6332765]],
[[24.9535858,60.1777676],[139.4842303,35.5175397]],
[[5.731472,50.6924324],[-79.9489337,40.4468365]],
[[141.3477771,43.0889022],[-104.6387914,23.9998614]],
[[126.9450979,37.5753299],[-0.1285332,51.5192636]],
[[11.5699075,48.1514082],[-79.3400239,43.7239871]],
[[-47.000885,-22.8138409],[4.89017,52.3688]],
[[-84.3858108,33.7835452],[144.9585796,-37.7970965]],
[[4.89017,52.3688],[-79.3400239,43.7239871]],
[[-99.1768017,19.3366704],[120.17342,30.2599684]],
[[-47.000885,-22.8138409],[5.731472,50.6924324]],
[[-47.000885,-22.8138409],[-118.4374008,34.078146]],
[[30.3060431,59.9431026],[116.3308219,40.0118473]],
[[103.7854631,1.3027873],[-90.45997,35.95422]],
[[0.108564,52.205687],[-47.000885,-22.8138409]],
[[130.2237602,33.5992911],[6.0706367,50.7768129]],
[[-49.6647263,-26.7456093],[-89.3940996,43.0920898]],
[[-73.9571123,40.8106295],[-47.000885,-22.8138409]],
[[140.8737093,38.2531445],[3.7110629,51.0081673]],
[[-96.3235645,30.6332765],[118.7782662,32.0610617]],
[[-92.46595,44.0224239],[121.446005,31.0366062]],
[[30.3060431,59.9431026],[-123.1966053,49.2845486]],
[[130.2237602,33.5992911],[3.7110629,51.0081673]],
[[6.0706367,50.7768129],[141.3477771,43.0889022]],
[[136.9742933,35.1577474],[-90.45997,35.95422]],
[[11.5699075,48.1514082],[-96.3235645,30.6332765]],
[[-122.4559333,37.7648722],[-99.1768017,19.3366704]],
[[141.3477771,43.0889022],[4.89017,52.3688]],
[[118.7782662,32.0610617],[-74.6628628,40.3484807]],
[[121.5066331,31.3047479],[-73.5727281,45.5124158]],
[[-93.2365192,44.973336],[141.3477771,43.0889022]],
[[5.731472,50.6924324],[-87.6692516,42.0687925]],
[[-46.7124955,-23.5493924],[120.17342,30.2599684]],
[[-84.3858108,33.7835452],[6.0593155,46.2391497]],
[[-92.46595,44.0224239],[37.6130966,55.7571509]],
[[4.89017,52.3688],[-96.3235645,30.6332765]],
[[3.7110629,51.0081673],[121.446005,31.0366062]],
[[139.4842303,35.5175397],[-121.7315726,38.5462214]],
[[140.8737093,38.2531445],[153.020611,-27.4915542]],
[[-1.5513552,53.804323],[37.6130966,55.7571509]],
[[-0.1742745,51.5005047],[-49.6647263,-26.7456093]],
[[118.7782662,32.0610617],[-84.3858108,33.7835452]],
[[30.3060431,59.9431026],[120.17342,30.2599684]],
[[141.3477771,43.0889022],[5.731472,50.6924324]],
[[-104.6387914,23.9998614],[18.0311158,59.3515953]],
[[130.2237602,33.5992911],[153.020611,-27.4915542]],
[[121.5066331,31.3047479],[24.9535858,60.1777676]],
[[-118.4374008,34.078146],[-49.6647263,-26.7456093]],
[[121.5066331,31.3047479],[-0.1309167,51.5263952]],
[[-88.2096284,40.1164187],[6.0706367,50.7768129]],
[[121.535977,25.0183173],[4.89017,52.3688]],
[[5.731472,50.6924324],[-49.6647263,-26.7456093]],
[[-104.6387914,23.9998614],[135.4555343,34.8035885]],
[[139.4842303,35.5175397],[153.020611,-27.4915542]],
[[-83.16261,41.1171562],[120.17342,30.2599684]],
[[-104.6387914,23.9998614],[-97.721796,30.3973701]],
[[-0.1742745,51.5005047],[130.2237602,33.5992911]],
[[121.446005,31.0366062],[-76.7007908,39.9553563]],
[[3.7110629,51.0081673],[140.8737093,38.2531445]],
[[116.3153474,39.9982853],[-112.0633516,33.4522701]],
[[-0.1309167,51.5263952],[-90.45997,35.95422]],
[[-92.46595,44.0224239],[141.3477771,43.0889022]],
[[121.535977,25.0183173],[5.731472,50.6924324]],
[[-84.3858108,33.7835452],[151.1951565,-33.8847761]],
[[121.5066331,31.3047479],[-99.1768017,19.3366704]],
[[144.9585796,-37.7970965],[-47.000885,-22.8138409]],
[[5.731472,50.6924324],[130.2237602,33.5992911]],
[[3.7110629,51.0081673],[141.3477771,43.0889022]],
[[-84.3858108,33.7835452],[153.020611,-27.4915542]],
[[-118.2801178,34.0254826],[120.17342,30.2599684]],
[[-79.9489337,40.4468365],[6.0706367,50.7768129]],
[[-88.2096284,40.1164187],[18.0311158,59.3515953]],
[[-96.3235645,30.6332765],[-92.46595,44.0224239]],
[[-88.2096284,40.1164187],[11.5699075,48.1514082]],
[[-2.2262753,53.4716848],[-96.3235645,30.6332765]],
[[-96.3235645,30.6332765],[-49.6647263,-26.7456093]],
[[6.0593155,46.2391497],[18.0311158,59.3515953]],
[[153.020611,-27.4915542],[-104.6387914,23.9998614]],
[[-87.5962878,41.7860023],[103.7854631,1.3027873]],
[[126.9600976,37.4685765],[13.1902511,55.7040071]],
[[-92.46595,44.0224239],[-84.3858108,33.7835452]],
[[-122.4559333,37.7648722],[121.535977,25.0183173]],
[[-76.4554462,42.4598758],[-1.5513552,53.804323]],
[[5.731472,50.6924324],[-73.9571123,40.8106295]],
[[13.1902511,55.7040071],[103.7854631,1.3027873]],
[[121.446005,31.0366062],[-87.6692516,42.0687925]],
[[153.020611,-27.4915542],[136.9742933,35.1577474]],
[[5.731472,50.6924324],[121.446005,31.0366062]],
[[-104.6387914,23.9998614],[118.7782662,32.0610617]],
[[-96.3235645,30.6332765],[130.2237602,33.5992911]],
[[37.6130966,55.7571509],[-84.3858108,33.7835452]],
[[-90.45997,35.95422],[-122.4559333,37.7648722]],
[[141.3477771,43.0889022],[-46.7124955,-23.5493924]],
[[-90.45997,35.95422],[34.8074103,32.1176907]],
[[-1.5513552,53.804323],[-84.3858108,33.7835452]],
[[-104.6387914,23.9998614],[-79.9489337,40.4468365]],
[[121.446005,31.0366062],[-49.6647263,-26.7456093]],
[[-49.6647263,-26.7456093],[-122.2218097,37.884425]],
[[121.446005,31.0366062],[-92.46595,44.0224239]],
[[-99.1768017,19.3366704],[18.0311158,59.3515953]],
[[5.731472,50.6924324],[140.8737093,38.2531445]],
[[-0.1285332,51.5192636],[116.3308219,40.0118473]],
[[139.4842303,35.5175397],[-118.2801178,34.0254826]],
[[-118.2801178,34.0254826],[139.4842303,35.5175397]],
[[-87.6692516,42.0687925],[136.9742933,35.1577474]],
[[-0.1742745,51.5005047],[141.3477771,43.0889022]],
[[126.9450979,37.5753299],[34.8074103,32.1176907]],
[[118.7782662,32.0610617],[-99.1768017,19.3366704]],
[[-79.3400239,43.7239871],[12.5733745,55.6807821]],
[[120.17342,30.2599684],[30.3060431,59.9431026]],
[[-99.1768017,19.3366704],[135.4555343,34.8035885]],
[[11.5699075,48.1514082],[-112.0633516,33.4522701]],
[[5.731472,50.6924324],[141.3477771,43.0889022]],
[[120.17342,30.2599684],[37.6130966,55.7571509]],
[[141.3477771,43.0889022],[-0.1285332,51.5192636]],
[[153.020611,-27.4915542],[5.731472,50.6924324]],
[[-90.45997,35.95422],[144.9585796,-37.7970965]],
[[-122.4559333,37.7648722],[-90.45997,35.95422]],
[[153.020611,-27.4915542],[126.9450979,37.5753299]],
[[4.89017,52.3688],[-84.3858108,33.7835452]],
[[135.4555343,34.8035885],[-84.3858108,33.7835452]],
[[-122.1520381,37.4433992],[120.17342,30.2599684]],
[[-90.45997,35.95422],[103.7854631,1.3027873]],
[[-79.3400239,43.7239871],[11.7687597,48.2697678]],
[[140.8737093,38.2531445],[-47.000885,-22.8138409]],
[[130.2237602,33.5992911],[-47.000885,-22.8138409]],
[[-49.6647263,-26.7456093],[116.3308219,40.0118473]],
[[103.7854631,1.3027873],[36.8241651,-1.2913078]],
[[140.8737093,38.2531445],[-1.5513552,53.804323]],
[[130.2237602,33.5992911],[-1.5513552,53.804323]],
[[-0.1285332,51.5192636],[120.17342,30.2599684]],
[[116.3153474,39.9982853],[-99.1768017,19.3366704]],
[[11.4441833,44.5749359],[121.5066331,31.3047479]],
[[139.4842303,35.5175397],[-1.5513552,53.804323]],
[[-87.6692516,42.0687925],[5.731472,50.6924324]]];


