var coauthorships3 = [[[-2.9616777,53.4062464],[0.108564,52.205687]],
[[-2.9616777,53.4062464],[-1.2545588,51.75786]],
[[-0.1309167,51.5263952],[-1.9189703,52.4652158]],
[[-2.2262753,53.4716848],[-0.1309167,51.5263952]],
[[-1.2545588,51.75786],[-0.1309167,51.5263952]],
[[-4.2836342,55.8752442],[-1.3081623,51.576052]],
[[-4.2836342,55.8752442],[-2.9616777,53.4062464]],
[[-2.7810559,54.0160361],[-1.2545588,51.75786]],
[[-2.2262753,53.4716848],[-4.2836342,55.8752442]],
[[-1.9189703,52.4652158],[-2.2262753,53.4716848]],
[[-1.2545588,51.75786],[-4.2836342,55.8752442]],
[[0.108564,52.205687],[-4.2836342,55.8752442]],
[[-1.3081623,51.576052],[-0.1309167,51.5263952]],
[[-3.1789046,55.9511987],[-1.2545588,51.75786]],
[[-4.2836342,55.8752442],[-1.9189703,52.4652158]],
[[-1.2545588,51.75786],[-1.3081623,51.576052]],
[[-1.3081623,51.576052],[-4.2836342,55.8752442]],
[[-2.9616777,53.4062464],[-1.9189703,52.4652158]],
[[-1.4770905,53.3844867],[-1.2545588,51.75786]],
[[-1.9189703,52.4652158],[-1.2545588,51.75786]],
[[-1.2545588,51.75786],[-2.2262753,53.4716848]],
[[0.108564,52.205687],[-2.2262753,53.4716848]],
[[-0.1309167,51.5263952],[-4.2836342,55.8752442]],
[[-4.2836342,55.8752442],[-0.1309167,51.5263952]],
[[-0.1309167,51.5263952],[-1.3081623,51.576052]],
[[-1.9189703,52.4652158],[-1.3081623,51.576052]],
[[-1.9189703,52.4652158],[-2.9616777,53.4062464]],
[[-2.9616777,53.4062464],[-0.1309167,51.5263952]],
[[-2.2262753,53.4716848],[-1.2545588,51.75786]],
[[-2.2262753,53.4716848],[0.108564,52.205687]],
[[0.108564,52.205687],[-1.2545588,51.75786]],
[[-1.2545588,51.75786],[0.108564,52.205687]],
[[-2.9616777,53.4062464],[-4.2836342,55.8752442]],
[[-0.1309167,51.5263952],[-2.2262753,53.4716848]],
[[-1.3081623,51.576052],[-1.2545588,51.75786]],
[[-2.9616777,53.4062464],[-1.3081623,51.576052]],
[[-2.2262753,53.4716848],[-2.9616777,53.4062464]],
[[0.108564,52.205687],[-2.9616777,53.4062464]],
[[-1.2545588,51.75786],[-2.9616777,53.4062464]],
[[-1.2545588,51.75786],[-2.7810559,54.0160361]],
[[-4.2836342,55.8752442],[-2.2262753,53.4716848]],
[[-2.2262753,53.4716848],[-1.9189703,52.4652158]],
[[-0.1309167,51.5263952],[-1.2545588,51.75786]],
[[-1.3081623,51.576052],[-2.9616777,53.4062464]],
[[-2.9616777,53.4062464],[-2.2262753,53.4716848]],
[[-1.2545588,51.75786],[-1.9189703,52.4652158]],
[[-1.9189703,52.4652158],[-0.1309167,51.5263952]],
[[-1.2545588,51.75786],[-3.1789046,55.9511987]],
[[-1.3081623,51.576052],[-1.9189703,52.4652158]],
[[-1.9189703,52.4652158],[-4.2836342,55.8752442]],
[[-1.2545588,51.75786],[-1.4770905,53.3844867]],
[[-4.2836342,55.8752442],[-1.2545588,51.75786]],
[[-4.2836342,55.8752442],[0.108564,52.205687]],
[[-0.1309167,51.5263952],[-2.9616777,53.4062464]]];


