var coauthorships9 = [[[-0.0371712,51.5269647],[-0.1487398,51.5150162]],
[[-0.1487398,51.5150162],[-0.233928,51.7548433]],
[[-3.3124514,55.9175654],[-4.0723927,52.1154154]],
[[-0.1530862,51.5368322],[-1.581943,54.7637245]],
[[-2.23388,53.46557],[0.9515806,51.8801279]],
[[-0.6745832,51.3768761],[-0.1487398,51.5150162]],
[[-0.1142124,51.5159343],[-0.1251998,51.5255568]],
[[0.1332775,52.176315],[-0.1256987,51.5258807]],
[[-0.1530862,51.5368322],[-4.0723927,52.1154154]],
[[-0.0371712,51.5269647],[-1.765276,53.7931106]],
[[0.108564,52.205687],[-1.581943,54.7637245]],
[[-0.1142124,51.5159343],[-2.7930437,56.3412484]],
[[-0.1285332,51.5192636],[-0.4660128,51.534788]],
[[-0.1285332,51.5192636],[-2.23388,53.46557]],
[[-0.6745832,51.3768761],[-0.233928,51.7548433]],
[[-0.1530862,51.5368322],[-0.5831894,51.2455747]],
[[-0.1530862,51.5368322],[-2.3251831,51.3791942]],
[[-0.1251998,51.5255568],[-0.4660128,51.534788]],
[[-1.7884589,51.6031655],[-0.0809254,50.8737286]],
[[0.9515806,51.8801279],[-2.2661666,53.4943649]],
[[-2.9761309,56.4598773],[-0.1142124,51.5159343]],
[[-3.1774647,51.4893653],[-7.2324139,55.0449684]],
[[-0.6745832,51.3768761],[-2.7930437,56.3412484]],
[[-1.7884589,51.6031655],[-0.6216949,52.0753955]],
[[1.0741169,51.3013948],[-0.1487398,51.5150162]],
[[-2.25335,53.0097723],[0.9515806,51.8801279]],
[[-0.1487398,51.5150162],[-1.1814887,52.955437]],
[[1.2409636,52.6222071],[0.1332775,52.176315]],
[[-0.1142124,51.5159343],[-2.2661666,53.4943649]],
[[-7.2324139,55.0449684],[-4.2836342,55.8752442]],
[[-1.1206706,52.6259572],[4.8999019,61.0476494]],
[[0.9515806,51.8801279],[0.1332775,52.176315]],
[[-2.23388,53.46557],[-2.2661666,53.4943649]],
[[-0.1285332,51.5192636],[-3.3124514,55.9175654]],
[[-3.3124514,55.9175654],[-0.5570379,51.4264165]],
[[-0.0371712,51.5269647],[-0.6216949,52.0753955]],
[[-0.6216949,52.0753955],[-2.2661666,53.4943649]],
[[-4.2836342,55.8752442],[-7.2324139,55.0449684]],
[[0.1332775,52.176315],[-0.4660128,51.534788]],
[[0.336112,51.7202301],[-2.23388,53.46557]],
[[-2.23388,53.46557],[1.2409636,52.6222071]],
[[4.8999019,61.0476494],[-4.2836342,55.8752442]],
[[-7.2324139,55.0449684],[-0.3429176,51.4267079]],
[[-0.1274396,51.5228397],[-0.6216949,52.0753955]],
[[-0.6745832,51.3768761],[-2.2661666,53.4943649]],
[[-0.0809254,50.8737286],[-0.1285332,51.5192636]],
[[-0.1285332,51.5192636],[-0.3629521,53.7728413]],
[[-0.1487398,51.5150162],[-5.796833,54.6847229]],
[[-0.0809254,50.8737286],[-5.9279191,54.6055484]],
[[-3.3124514,55.9175654],[-1.7884589,51.6031655]],
[[-3.9748977,51.6115399],[-0.1285332,51.5192636]],
[[-0.1142124,51.5159343],[-5.796833,54.6847229]],
[[-2.2262753,53.4716848],[-1.7884589,51.6031655]],
[[-2.23388,53.46557],[-0.1274396,51.5228397]],
[[-0.1487398,51.5150162],[-1.2545588,51.75786]],
[[-0.1487398,51.5150162],[0.108564,52.205687]],
[[-4.0723927,52.1154154],[-0.1142124,51.5159343]],
[[-0.6216949,52.0753955],[-5.796833,54.6847229]],
[[-7.2324139,55.0449684],[-0.1256987,51.5258807]],
[[-3.5238554,50.7418314],[-1.7884589,51.6031655]],
[[-0.6216949,52.0753955],[-0.1274396,51.5228397]],
[[-1.7884589,51.6031655],[0.108564,52.205687]],
[[-1.5729573,54.7735525],[-0.1487398,51.5150162]],
[[0.9515806,51.8801279],[-1.7884589,51.6031655]],
[[-2.23388,53.46557],[0.336112,51.7202301]],
[[-0.0371712,51.5269647],[-1.581943,54.7637245]],
[[-2.6092402,51.458805],[4.8999019,61.0476494]],
[[4.8999019,61.0476494],[-2.6092402,51.458805]],
[[-1.581943,54.7637245],[-4.2836342,55.8752442]],
[[0.1332775,52.176315],[-3.3124514,55.9175654]],
[[-0.1274396,51.5228397],[-1.581943,54.7637245]],
[[-7.2324139,55.0449684],[-1.2186814,52.7703862]],
[[-1.765276,53.7931106],[0.1332775,52.176315]],
[[-4.0723927,52.1154154],[-0.6745832,51.3768761]],
[[1.0741169,51.3013948],[4.8999019,61.0476494]],
[[-2.101715,57.16413],[-7.2324139,55.0449684]],
[[-2.3251831,51.3791942],[-0.1487398,51.5150162]],
[[-0.6745832,51.3768761],[-0.9589876,51.4512278]],
[[-0.3429176,51.4267079],[-2.9761309,56.4598773]],
[[-0.1487398,51.5150162],[-1.5603751,52.3793631]],
[[-3.3124514,55.9175654],[-7.2324139,55.0449684]],
[[-3.3124514,55.9175654],[-0.1256987,51.5258807]],
[[-2.2262753,53.4716848],[-7.2324139,55.0449684]],
[[-2.23388,53.46557],[-1.5603751,52.3793631]],
[[-0.6216949,52.0753955],[-1.7884589,51.6031655]],
[[-7.2324139,55.0449684],[-1.5729573,54.7735525]],
[[-0.5831894,51.2455747],[-0.6745832,51.3768761]],
[[-3.9189648,56.1465761],[0.9515806,51.8801279]],
[[-1.581943,54.7637245],[-0.0371712,51.5269647]],
[[-0.0809254,50.8737286],[-0.6745832,51.3768761]],
[[-1.5729573,54.7735525],[-0.1530862,51.5368322]],
[[-0.1530862,51.5368322],[-0.1256987,51.5258807]],
[[-0.1530862,51.5368322],[-7.2324139,55.0449684]],
[[-3.9748977,51.6115399],[-0.6745832,51.3768761]],
[[-7.2324139,55.0449684],[-0.4660128,51.534788]],
[[0.1332775,52.176315],[0.9515806,51.8801279]],
[[-0.1285332,51.5192636],[-2.2661666,53.4943649]],
[[-1.5603751,52.3793631],[-0.6745832,51.3768761]],
[[-0.6745832,51.3768761],[-1.5603751,52.3793631]],
[[-1.581943,54.7637245],[-2.6092402,51.458805]],
[[-3.5238554,50.7418314],[-7.2324139,55.0449684]],
[[0.1332775,52.176315],[-0.233928,51.7548433]],
[[4.8999019,61.0476494],[-0.1340913,51.5259105]],
[[1.2409636,52.6222071],[-7.2324139,55.0449684]],
[[4.8999019,61.0476494],[-1.5729573,54.7735525]],
[[0.9515806,51.8801279],[-7.2324139,55.0449684]],
[[-1.2186814,52.7703862],[-0.6745832,51.3768761]],
[[-3.1774647,51.4893653],[-0.1487398,51.5150162]],
[[-3.1789046,55.9511987],[-1.7884589,51.6031655]],
[[4.8999019,61.0476494],[-2.23388,53.46557]],
[[-2.9761309,56.4598773],[-0.1530862,51.5368322]],
[[-1.5729573,54.7735525],[-1.581943,54.7637245]],
[[-2.2661666,53.4943649],[-0.1142124,51.5159343]],
[[-1.581943,54.7637245],[-1.2186814,52.7703862]],
[[-0.1487398,51.5150162],[-3.1774647,51.4893653]],
[[-0.1256987,51.5258807],[-2.23388,53.46557]],
[[-7.2324139,55.0449684],[-2.9761309,56.4598773]],
[[-2.7930437,56.3412484],[-2.2661666,53.4943649]],
[[-2.7810559,54.0160361],[-7.2324139,55.0449684]],
[[-0.233928,51.7548433],[0.1332775,52.176315]],
[[-0.1487398,51.5150162],[-0.1285332,51.5192636]],
[[-0.233928,51.7548433],[4.8999019,61.0476494]],
[[-0.1487398,51.5150162],[-5.9279191,54.6055484]],
[[-0.3429176,51.4267079],[0.9515806,51.8801279]],
[[-0.1142124,51.5159343],[-5.9279191,54.6055484]],
[[-1.5729573,54.7735525],[4.8999019,61.0476494]],
[[-1.6083557,54.9835312],[-0.1487398,51.5150162]],
[[-3.3124514,55.9175654],[-0.1340913,51.5259105]],
[[-0.3429176,51.4267079],[-0.233928,51.7548433]],
[[-0.1142124,51.5159343],[-1.3081623,51.576052]],
[[-0.1530862,51.5368322],[-0.1142124,51.5159343]],
[[-2.23388,53.46557],[-0.1285332,51.5192636]],
[[-2.2661666,53.4943649],[-2.23388,53.46557]],
[[-2.23388,53.46557],[-1.3081623,51.576052]],
[[-7.2324139,55.0449684],[-3.3124514,55.9175654]],
[[-7.2324139,55.0449684],[-2.2262753,53.4716848]],
[[-2.9761309,56.4598773],[-1.581943,54.7637245]],
[[-3.9189648,56.1465761],[-2.2661666,53.4943649]],
[[-3.3124514,55.9175654],[-2.23388,53.46557]],
[[-1.581943,54.7637245],[-0.1340913,51.5259105]],
[[-0.1487398,51.5150162],[-2.9616777,53.4062464]],
[[-1.581943,54.7637245],[-1.5729573,54.7735525]],
[[-0.6216949,52.0753955],[-5.9279191,54.6055484]],
[[-1.7884589,51.6031655],[-0.3429176,51.4267079]],
[[-0.1530862,51.5368322],[-1.5729573,54.7735525]],
[[-4.2836342,55.8752442],[-0.1487398,51.5150162]],
[[-0.6216949,52.0753955],[-7.2324139,55.0449684]],
[[-0.5831894,51.2455747],[-0.1487398,51.5150162]],
[[-2.2661666,53.4943649],[-0.6745832,51.3768761]],
[[-0.1487398,51.5150162],[-0.1742745,51.5005047]],
[[-0.1340913,51.5259105],[-0.1142124,51.5159343]],
[[0.9515806,51.8801279],[-3.9189648,56.1465761]],
[[-1.7884589,51.6031655],[-0.0371712,51.5269647]],
[[-0.1487398,51.5150162],[-1.6083557,54.9835312]],
[[-1.3926128,50.8940039],[-0.1530862,51.5368322]],
[[0.1332775,52.176315],[1.2409636,52.6222071]],
[[-2.3251831,51.3791942],[4.8999019,61.0476494]],
[[-0.1487398,51.5150162],[-2.7810559,54.0160361]],
[[-0.5570379,51.4264165],[-0.1340913,51.5259105]],
[[-0.1256987,51.5258807],[-3.3124514,55.9175654]],
[[-0.1285332,51.5192636],[-1.7884589,51.6031655]],
[[-3.9189648,56.1465761],[0.1332775,52.176315]],
[[-0.1487398,51.5150162],[-3.9748977,51.6115399]],
[[-1.765276,53.7931106],[-0.1285332,51.5192636]],
[[-3.9189648,56.1465761],[-0.1274396,51.5228397]],
[[-3.1789046,55.9511987],[-7.2324139,55.0449684]],
[[-4.0723927,52.1154154],[-0.1530862,51.5368322]],
[[0.1332775,52.176315],[-5.796833,54.6847229]],
[[-5.796833,54.6847229],[0.1332775,52.176315]],
[[-7.2324139,55.0449684],[0.9515806,51.8801279]],
[[-4.2836342,55.8752442],[-0.6216949,52.0753955]],
[[0.1332775,52.176315],[-0.1274396,51.5228397]],
[[-1.6083557,54.9835312],[-0.1530862,51.5368322]],
[[1.0741169,51.3013948],[-0.3429176,51.4267079]],
[[-1.7884589,51.6031655],[-3.9748977,51.6115399]],
[[-0.6745832,51.3768761],[-2.7810559,54.0160361]],
[[-1.581943,54.7637245],[-2.9761309,56.4598773]],
[[-0.1340913,51.5259105],[-0.6745832,51.3768761]],
[[-3.1774647,51.4893653],[-1.581943,54.7637245]],
[[-0.1487398,51.5150162],[1.0741169,51.3013948]],
[[-0.1530862,51.5368322],[-2.9761309,56.4598773]],
[[-0.3429176,51.4267079],[-2.2661666,53.4943649]],
[[-2.9616777,53.4062464],[-0.1487398,51.5150162]],
[[-1.3926128,50.8940039],[-1.581943,54.7637245]],
[[-2.23388,53.46557],[1.0741169,51.3013948]],
[[-0.6745832,51.3768761],[-3.9748977,51.6115399]],
[[-1.7884589,51.6031655],[-1.2186814,52.7703862]],
[[-2.7810559,54.0160361],[-0.6745832,51.3768761]],
[[-1.581943,54.7637245],[-2.2262753,53.4716848]],
[[-3.1774647,51.4893653],[4.8999019,61.0476494]],
[[-0.9589876,51.4512278],[0.1332775,52.176315]],
[[-0.5831894,51.2455747],[-0.1530862,51.5368322]],
[[4.8999019,61.0476494],[-0.233928,51.7548433]],
[[-1.581943,54.7637245],[-3.3124514,55.9175654]],
[[-0.1487398,51.5150162],[-0.6745832,51.3768761]],
[[1.0741169,51.3013948],[-0.1256987,51.5258807]],
[[-0.1487398,51.5150162],[-1.9189703,52.4652158]],
[[-2.101715,57.16413],[-0.1487398,51.5150162]],
[[-0.5570379,51.4264165],[-2.9761309,56.4598773]],
[[-2.9761309,56.4598773],[-0.5570379,51.4264165]],
[[4.8999019,61.0476494],[-2.7930437,56.3412484]],
[[-1.5603751,52.3793631],[-0.1530862,51.5368322]],
[[4.8999019,61.0476494],[-4.236597,55.8643291]],
[[-0.1309167,51.5263952],[-1.7884589,51.6031655]],
[[-1.6083557,54.9835312],[-1.581943,54.7637245]],
[[-0.0371712,51.5269647],[-0.6745832,51.3768761]],
[[0.1332775,52.176315],[-0.9589876,51.4512278]],
[[-0.4660128,51.534788],[-0.1340913,51.5259105]],
[[-1.9189703,52.4652158],[-1.7884589,51.6031655]],
[[-1.765276,53.7931106],[-0.1142124,51.5159343]],
[[-0.1256987,51.5258807],[-2.7930437,56.3412484]],
[[-2.2661666,53.4943649],[0.9515806,51.8801279]],
[[-1.3081623,51.576052],[-2.23388,53.46557]],
[[0.336112,51.7202301],[-1.7884589,51.6031655]],
[[-0.4660128,51.534788],[-2.23388,53.46557]],
[[-4.2836342,55.8752442],[-1.581943,54.7637245]],
[[-0.1340913,51.5259105],[-1.765276,53.7931106]],
[[-5.796833,54.6847229],[-1.7884589,51.6031655]],
[[-1.6083557,54.9835312],[4.8999019,61.0476494]],
[[-0.5570379,51.4264165],[-3.3124514,55.9175654]],
[[-4.236597,55.8643291],[-1.7884589,51.6031655]],
[[-2.25335,53.0097723],[-2.23388,53.46557]],
[[-5.9279191,54.6055484],[-0.1285332,51.5192636]],
[[-0.1285332,51.5192636],[-5.9279191,54.6055484]],
[[-1.7884589,51.6031655],[-3.5238554,50.7418314]],
[[-0.1530862,51.5368322],[-0.1487398,51.5150162]],
[[-5.9279191,54.6055484],[-1.3081623,51.576052]],
[[-0.1285332,51.5192636],[-1.3081623,51.576052]],
[[-4.2836342,55.8752442],[4.8999019,61.0476494]],
[[-0.1530862,51.5368322],[0.9515806,51.8801279]],
[[-2.2661666,53.4943649],[-2.7930437,56.3412484]],
[[-1.2545588,51.75786],[-0.1487398,51.5150162]],
[[-7.2324139,55.0449684],[-1.3926128,50.8940039]],
[[4.8999019,61.0476494],[-1.1814887,52.955437]],
[[-7.2324139,55.0449684],[1.2409636,52.6222071]],
[[-0.1142124,51.5159343],[-0.0371712,51.5269647]],
[[-0.1142124,51.5159343],[-1.765276,53.7931106]],
[[-2.2661666,53.4943649],[-0.0809254,50.8737286]],
[[-2.23388,53.46557],[-0.0371712,51.5269647]],
[[-1.765276,53.7931106],[-0.6745832,51.3768761]],
[[-1.2186814,52.7703862],[-1.581943,54.7637245]],
[[-0.1530862,51.5368322],[-4.236597,55.8643291]],
[[-0.0371712,51.5269647],[-1.765276,53.7931106]],
[[-1.581943,54.7637245],[-2.7930437,56.3412484]],
[[4.8999019,61.0476494],[-2.2661666,53.4943649]],
[[-0.3429176,51.4267079],[-1.7884589,51.6031655]],
[[4.8999019,61.0476494],[-1.3926128,50.8940039]],
[[-0.6216949,52.0753955],[-0.0371712,51.5269647]],
[[-0.0371712,51.5269647],[-2.23388,53.46557]],
[[-2.7810559,54.0160361],[-0.1487398,51.5150162]],
[[-0.6745832,51.3768761],[-1.765276,53.7931106]],
[[1.0741169,51.3013948],[-2.23388,53.46557]],
[[-2.9616777,53.4062464],[-1.581943,54.7637245]],
[[-0.5570379,51.4264165],[-0.233928,51.7548433]],
[[-7.2324139,55.0449684],[-0.1274396,51.5228397]],
[[-0.1274396,51.5228397],[-2.23388,53.46557]],
[[-5.9279191,54.6055484],[-0.1142124,51.5159343]],
[[-2.9761309,56.4598773],[-0.3429176,51.4267079]],
[[-0.1285332,51.5192636],[-3.9748977,51.6115399]],
[[-7.2324139,55.0449684],[-1.1206706,52.6259572]],
[[-0.5570379,51.4264165],[-4.236597,55.8643291]],
[[4.8999019,61.0476494],[-5.796833,54.6847229]],
[[-0.1340913,51.5259105],[-0.6216949,52.0753955]],
[[-3.9189648,56.1465761],[-0.1285332,51.5192636]],
[[-0.1285332,51.5192636],[-3.9189648,56.1465761]],
[[-1.581943,54.7637245],[-1.1814887,52.955437]],
[[-2.25335,53.0097723],[-1.765276,53.7931106]],
[[-2.101715,57.16413],[-1.581943,54.7637245]],
[[-1.1814887,52.955437],[4.8999019,61.0476494]],
[[-0.1285332,51.5192636],[1.0741169,51.3013948]],
[[-0.1251998,51.5255568],[-0.1142124,51.5159343]],
[[-0.1256987,51.5258807],[0.1332775,52.176315]],
[[-0.1742745,51.5005047],[-1.581943,54.7637245]],
[[-5.9279191,54.6055484],[1.0741169,51.3013948]],
[[0.336112,51.7202301],[-7.2324139,55.0449684]],
[[-7.2324139,55.0449684],[0.336112,51.7202301]],
[[-1.765276,53.7931106],[-0.0371712,51.5269647]],
[[-0.3629521,53.7728413],[-0.1274396,51.5228397]],
[[4.8999019,61.0476494],[-1.1206706,52.6259572]],
[[0.9515806,51.8801279],[-0.1530862,51.5368322]],
[[-0.1530862,51.5368322],[-2.2661666,53.4943649]],
[[-2.101715,57.16413],[4.8999019,61.0476494]],
[[-0.1530862,51.5368322],[-1.3926128,50.8940039]],
[[-0.1487398,51.5150162],[-1.4770905,53.3844867]],
[[-1.581943,54.7637245],[-1.3926128,50.8940039]],
[[-2.7930437,56.3412484],[-0.1142124,51.5159343]],
[[-2.23388,53.46557],[-0.6216949,52.0753955]],
[[-0.1487398,51.5150162],[-2.101715,57.16413]],
[[-2.2661666,53.4943649],[4.8999019,61.0476494]],
[[-3.3124514,55.9175654],[0.1332775,52.176315]],
[[-2.7810559,54.0160361],[-0.1530862,51.5368322]],
[[-2.2661666,53.4943649],[-0.1274396,51.5228397]],
[[-0.233928,51.7548433],[-0.6745832,51.3768761]],
[[-1.7884589,51.6031655],[0.9515806,51.8801279]],
[[4.8999019,61.0476494],[-0.9589876,51.4512278]],
[[-3.1774647,51.4893653],[-0.3429176,51.4267079]],
[[-0.3429176,51.4267079],[-3.1774647,51.4893653]],
[[-0.6745832,51.3768761],[-0.0809254,50.8737286]],
[[0.9515806,51.8801279],[-2.25335,53.0097723]],
[[-0.1487398,51.5150162],[-0.1530862,51.5368322]],
[[-0.4660128,51.534788],[-0.1251998,51.5255568]],
[[-1.1206706,52.6259572],[-1.581943,54.7637245]],
[[-0.5570379,51.4264165],[-2.2661666,53.4943649]],
[[-0.1142124,51.5159343],[-0.1530862,51.5368322]],
[[-0.0809254,50.8737286],[-1.7884589,51.6031655]],
[[-7.2324139,55.0449684],[-1.5603751,52.3793631]],
[[-1.581943,54.7637245],[-5.796833,54.6847229]],
[[-0.3429176,51.4267079],[-7.2324139,55.0449684]],
[[-3.5238554,50.7418314],[0.1332775,52.176315]],
[[-3.9748977,51.6115399],[-1.7884589,51.6031655]],
[[-3.5238554,50.7418314],[4.8999019,61.0476494]],
[[1.0741169,51.3013948],[-0.3629521,53.7728413]],
[[-1.7884589,51.6031655],[-4.236597,55.8643291]],
[[-1.581943,54.7637245],[-0.1274396,51.5228397]],
[[-0.1340913,51.5259105],[-1.581943,54.7637245]],
[[-5.796833,54.6847229],[-0.1142124,51.5159343]],
[[-1.581943,54.7637245],[0.108564,52.205687]],
[[-0.1274396,51.5228397],[-0.3629521,53.7728413]],
[[-1.581943,54.7637245],[-1.1206706,52.6259572]],
[[-4.0723927,52.1154154],[-0.3429176,51.4267079]],
[[-1.2186814,52.7703862],[-1.7884589,51.6031655]],
[[4.8999019,61.0476494],[-1.5603751,52.3793631]],
[[0.1332775,52.176315],[-3.9189648,56.1465761]],
[[-2.7930437,56.3412484],[-0.6745832,51.3768761]],
[[-1.6083557,54.9835312],[-0.3429176,51.4267079]],
[[-0.1340913,51.5259105],[4.8999019,61.0476494]],
[[-1.3926128,50.8940039],[-7.2324139,55.0449684]],
[[-0.1285332,51.5192636],[-1.765276,53.7931106]],
[[-2.23388,53.46557],[-2.25335,53.0097723]],
[[0.1332775,52.176315],[1.0741169,51.3013948]],
[[-0.1530862,51.5368322],[0.336112,51.7202301]],
[[-1.581943,54.7637245],[0.336112,51.7202301]],
[[-0.3429176,51.4267079],[-1.6083557,54.9835312]],
[[-0.1142124,51.5159343],[-4.0723927,52.1154154]],
[[-0.0371712,51.5269647],[-1.581943,54.7637245]],
[[-0.1487398,51.5150162],[4.8999019,61.0476494]],
[[-0.0809254,50.8737286],[-0.3429176,51.4267079]],
[[-2.2661666,53.4943649],[-0.5570379,51.4264165]],
[[-0.1487398,51.5150162],[-0.5831894,51.2455747]],
[[-3.9748977,51.6115399],[-0.3429176,51.4267079]],
[[-0.3429176,51.4267079],[-3.9748977,51.6115399]],
[[-7.2324139,55.0449684],[-3.1774647,51.4893653]],
[[-2.23388,53.46557],[4.8999019,61.0476494]],
[[-0.1285332,51.5192636],[-0.1487398,51.5150162]],
[[-0.1487398,51.5150162],[-2.3251831,51.3791942]],
[[0.1332775,52.176315],[-1.5729573,54.7735525]],
[[-5.9279191,54.6055484],[-0.1487398,51.5150162]],
[[-0.6745832,51.3768761],[-4.0723927,52.1154154]],
[[-0.233928,51.7548433],[-0.1487398,51.5150162]],
[[0.108564,52.205687],[-1.7884589,51.6031655]],
[[-0.5831894,51.2455747],[-7.2324139,55.0449684]],
[[-0.1530862,51.5368322],[-1.5603751,52.3793631]],
[[-2.6092402,51.458805],[-1.581943,54.7637245]],
[[-0.3429176,51.4267079],[1.0741169,51.3013948]],
[[0.1332775,52.176315],[-3.5238554,50.7418314]],
[[-1.7884589,51.6031655],[-2.3251831,51.3791942]],
[[-0.6745832,51.3768761],[-0.5831894,51.2455747]],
[[-1.765276,53.7931106],[-2.25335,53.0097723]],
[[4.8999019,61.0476494],[-3.1774647,51.4893653]],
[[-0.9589876,51.4512278],[-0.6745832,51.3768761]],
[[-3.9748977,51.6115399],[-7.2324139,55.0449684]],
[[-7.2324139,55.0449684],[-2.9616777,53.4062464]],
[[-2.25335,53.0097723],[-1.581943,54.7637245]],
[[-0.4660128,51.534788],[0.1332775,52.176315]],
[[-1.5603751,52.3793631],[-7.2324139,55.0449684]],
[[-0.1340913,51.5259105],[-0.5570379,51.4264165]],
[[-1.7884589,51.6031655],[-5.796833,54.6847229]],
[[-0.1285332,51.5192636],[-0.0809254,50.8737286]],
[[-0.3629521,53.7728413],[-0.1285332,51.5192636]],
[[-5.9279191,54.6055484],[-0.0809254,50.8737286]],
[[-5.9279191,54.6055484],[-0.6216949,52.0753955]],
[[-0.1256987,51.5258807],[-7.2324139,55.0449684]],
[[-1.7884589,51.6031655],[-0.1274396,51.5228397]],
[[-1.2186814,52.7703862],[-7.2324139,55.0449684]],
[[0.1332775,52.176315],[-1.765276,53.7931106]],
[[-7.2324139,55.0449684],[-2.7810559,54.0160361]],
[[-1.7884589,51.6031655],[-0.1309167,51.5263952]],
[[-0.1274396,51.5228397],[-2.2661666,53.4943649]],
[[-0.1487398,51.5150162],[-0.5570379,51.4264165]],
[[-7.2324139,55.0449684],[-3.9748977,51.6115399]],
[[-2.9616777,53.4062464],[-7.2324139,55.0449684]],
[[-1.4770905,53.3844867],[-0.1487398,51.5150162]],
[[-2.101715,57.16413],[-0.3429176,51.4267079]],
[[-1.9189703,52.4652158],[-0.1487398,51.5150162]],
[[-2.2661666,53.4943649],[-0.1285332,51.5192636]],
[[-1.7884589,51.6031655],[0.336112,51.7202301]],
[[-3.3124514,55.9175654],[-0.1285332,51.5192636]],
[[4.8999019,61.0476494],[-1.6083557,54.9835312]],
[[-1.581943,54.7637245],[-3.1774647,51.4893653]],
[[-2.2661666,53.4943649],[-0.3429176,51.4267079]],
[[-5.796833,54.6847229],[-0.1487398,51.5150162]],
[[1.0741169,51.3013948],[0.1332775,52.176315]],
[[-7.2324139,55.0449684],[1.0741169,51.3013948]],
[[4.8999019,61.0476494],[-3.9748977,51.6115399]],
[[-0.6745832,51.3768761],[-0.5570379,51.4264165]],
[[-0.1274396,51.5228397],[0.1332775,52.176315]],
[[-0.3429176,51.4267079],[-1.765276,53.7931106]],
[[-0.3629521,53.7728413],[-0.1142124,51.5159343]],
[[-0.0371712,51.5269647],[-1.7884589,51.6031655]],
[[4.8999019,61.0476494],[1.0741169,51.3013948]],
[[-1.581943,54.7637245],[-2.9616777,53.4062464]],
[[-1.5603751,52.3793631],[-2.23388,53.46557]],
[[-0.3629521,53.7728413],[1.0741169,51.3013948]],
[[0.9515806,51.8801279],[-0.3429176,51.4267079]],
[[-0.1256987,51.5258807],[1.0741169,51.3013948]],
[[-0.5570379,51.4264165],[-5.9279191,54.6055484]],
[[-1.581943,54.7637245],[-0.1742745,51.5005047]],
[[-5.796833,54.6847229],[-0.6216949,52.0753955]],
[[-0.1487398,51.5150162],[-4.2836342,55.8752442]],
[[-2.3251831,51.3791942],[-0.1530862,51.5368322]],
[[-4.0723927,52.1154154],[-3.3124514,55.9175654]],
[[-3.3124514,55.9175654],[-0.1142124,51.5159343]],
[[-0.1530862,51.5368322],[-1.6083557,54.9835312]],
[[-7.2324139,55.0449684],[-3.5238554,50.7418314]],
[[-1.581943,54.7637245],[-1.6083557,54.9835312]],
[[-0.1530862,51.5368322],[-2.7810559,54.0160361]],
[[-2.6092402,51.458805],[-1.7884589,51.6031655]],
[[-0.1251998,51.5255568],[-4.0723927,52.1154154]],
[[-2.2661666,53.4943649],[-3.9189648,56.1465761]],
[[-3.9189648,56.1465761],[-0.1530862,51.5368322]],
[[-1.1206706,52.6259572],[-7.2324139,55.0449684]],
[[-0.3629521,53.7728413],[-0.6745832,51.3768761]],
[[-0.1256987,51.5258807],[-0.6745832,51.3768761]],
[[0.336112,51.7202301],[-0.1530862,51.5368322]],
[[-0.6216949,52.0753955],[-4.2836342,55.8752442]],
[[-4.236597,55.8643291],[-0.1530862,51.5368322]],
[[-1.765276,53.7931106],[-1.7884589,51.6031655]],
[[-2.7930437,56.3412484],[-1.581943,54.7637245]],
[[4.8999019,61.0476494],[-3.5238554,50.7418314]],
[[-0.1530862,51.5368322],[-3.9189648,56.1465761]],
[[-7.2324139,55.0449684],[-3.1789046,55.9511987]],
[[-0.1274396,51.5228397],[-1.7884589,51.6031655]],
[[-0.3429176,51.4267079],[-0.0809254,50.8737286]],
[[-0.1487398,51.5150162],[-0.0371712,51.5269647]],
[[-2.7930437,56.3412484],[4.8999019,61.0476494]],
[[-1.4770905,53.3844867],[-1.581943,54.7637245]],
[[-1.5729573,54.7735525],[0.1332775,52.176315]],
[[-1.9189703,52.4652158],[-1.581943,54.7637245]],
[[-3.3124514,55.9175654],[-0.6745832,51.3768761]],
[[-0.3429176,51.4267079],[-2.101715,57.16413]],
[[-0.4660128,51.534788],[-0.1285332,51.5192636]],
[[-0.4660128,51.534788],[-7.2324139,55.0449684]],
[[-1.3081623,51.576052],[-5.9279191,54.6055484]],
[[-1.3081623,51.576052],[-0.1285332,51.5192636]],
[[-5.796833,54.6847229],[-1.581943,54.7637245]],
[[-2.23388,53.46557],[-0.1256987,51.5258807]],
[[0.336112,51.7202301],[-1.581943,54.7637245]],
[[-1.7884589,51.6031655],[-0.1285332,51.5192636]],
[[-1.7884589,51.6031655],[-2.6092402,51.458805]],
[[-4.0723927,52.1154154],[-0.1251998,51.5255568]],
[[-0.6745832,51.3768761],[-0.0371712,51.5269647]],
[[-1.581943,54.7637245],[-1.9189703,52.4652158]],
[[-0.1256987,51.5258807],[-1.765276,53.7931106]],
[[-4.0723927,52.1154154],[-4.236597,55.8643291]],
[[-4.236597,55.8643291],[-4.0723927,52.1154154]],
[[-5.9279191,54.6055484],[-0.5570379,51.4264165]],
[[-0.6745832,51.3768761],[-0.1256987,51.5258807]],
[[-5.796833,54.6847229],[4.8999019,61.0476494]],
[[-0.233928,51.7548433],[-0.5570379,51.4264165]],
[[-4.236597,55.8643291],[4.8999019,61.0476494]],
[[-1.765276,53.7931106],[-0.3429176,51.4267079]],
[[0.1332775,52.176315],[-0.5831894,51.2455747]],
[[-3.9748977,51.6115399],[-0.1487398,51.5150162]],
[[0.9515806,51.8801279],[-0.1340913,51.5259105]],
[[-1.5603751,52.3793631],[-0.1487398,51.5150162]],
[[4.8999019,61.0476494],[-0.1487398,51.5150162]],
[[-1.1814887,52.955437],[-0.1487398,51.5150162]],
[[-0.5570379,51.4264165],[-0.6745832,51.3768761]],
[[1.2409636,52.6222071],[-2.23388,53.46557]],
[[-1.765276,53.7931106],[-0.0371712,51.5269647]],
[[0.9515806,51.8801279],[-2.23388,53.46557]],
[[-0.1340913,51.5259105],[-0.4660128,51.534788]],
[[-1.7884589,51.6031655],[-1.6083557,54.9835312]],
[[1.0741169,51.3013948],[-0.1285332,51.5192636]],
[[-0.9589876,51.4512278],[4.8999019,61.0476494]],
[[-1.765276,53.7931106],[-0.1256987,51.5258807]],
[[1.0741169,51.3013948],[-5.9279191,54.6055484]],
[[-7.2324139,55.0449684],[-0.6216949,52.0753955]],
[[1.0741169,51.3013948],[-7.2324139,55.0449684]],
[[-1.3081623,51.576052],[-0.1142124,51.5159343]],
[[-0.6745832,51.3768761],[-1.2186814,52.7703862]],
[[-0.3429176,51.4267079],[-4.0723927,52.1154154]],
[[-1.765276,53.7931106],[-1.3081623,51.576052]],
[[-1.581943,54.7637245],[-0.0371712,51.5269647]],
[[-0.1487398,51.5150162],[-1.5729573,54.7735525]],
[[-7.2324139,55.0449684],[-2.101715,57.16413]],
[[-0.1142124,51.5159343],[-0.1340913,51.5259105]],
[[-0.1274396,51.5228397],[-7.2324139,55.0449684]],
[[-0.1487398,51.5150162],[-0.4660128,51.534788]],
[[-7.2324139,55.0449684],[-0.1530862,51.5368322]],
[[-2.2262753,53.4716848],[-0.1487398,51.5150162]],
[[-3.3124514,55.9175654],[-0.1487398,51.5150162]],
[[-0.6216949,52.0753955],[-0.1340913,51.5259105]],
[[-2.23388,53.46557],[-0.4660128,51.534788]],
[[4.8999019,61.0476494],[-2.101715,57.16413]],
[[-0.6745832,51.3768761],[-0.1340913,51.5259105]],
[[-1.3926128,50.8940039],[4.8999019,61.0476494]],
[[-4.236597,55.8643291],[-0.5570379,51.4264165]],
[[-0.6216949,52.0753955],[-2.23388,53.46557]],
[[-0.1742745,51.5005047],[-0.1487398,51.5150162]],
[[-2.3251831,51.3791942],[-1.7884589,51.6031655]],
[[-0.4660128,51.534788],[-0.6745832,51.3768761]],
[[-0.6745832,51.3768761],[-0.4660128,51.534788]],
[[0.108564,52.205687],[-0.1487398,51.5150162]],
[[-0.0371712,51.5269647],[-0.1142124,51.5159343]],
[[-1.7884589,51.6031655],[-1.9189703,52.4652158]],
[[-0.0809254,50.8737286],[-2.2661666,53.4943649]],
[[-0.1340913,51.5259105],[-3.3124514,55.9175654]],
[[-0.233928,51.7548433],[-0.3429176,51.4267079]],
[[-0.1256987,51.5258807],[-0.1530862,51.5368322]],
[[-2.2661666,53.4943649],[-0.6216949,52.0753955]],
[[-0.1142124,51.5159343],[-2.9761309,56.4598773]],
[[-1.765276,53.7931106],[-0.1340913,51.5259105]],
[[-0.5570379,51.4264165],[-0.1487398,51.5150162]],
[[-0.1274396,51.5228397],[-3.9189648,56.1465761]],
[[-0.1487398,51.5150162],[-2.2262753,53.4716848]],
[[-0.1487398,51.5150162],[-3.3124514,55.9175654]],
[[-0.1142124,51.5159343],[-3.3124514,55.9175654]],
[[-7.2324139,55.0449684],[-0.5831894,51.2455747]],
[[-2.2661666,53.4943649],[-0.1530862,51.5368322]],
[[-0.5831894,51.2455747],[0.1332775,52.176315]],
[[-1.581943,54.7637245],[-1.4770905,53.3844867]],
[[-1.1814887,52.955437],[-1.581943,54.7637245]],
[[-1.5729573,54.7735525],[-7.2324139,55.0449684]],
[[-1.581943,54.7637245],[-2.101715,57.16413]],
[[-2.23388,53.46557],[-3.3124514,55.9175654]],
[[-1.7884589,51.6031655],[-3.3124514,55.9175654]],
[[-1.7884589,51.6031655],[-2.2262753,53.4716848]],
[[-3.9748977,51.6115399],[4.8999019,61.0476494]],
[[-1.3081623,51.576052],[-1.765276,53.7931106]],
[[-1.7884589,51.6031655],[-1.765276,53.7931106]],
[[-1.7884589,51.6031655],[-3.1789046,55.9511987]],
[[-1.581943,54.7637245],[-0.1530862,51.5368322]],
[[-1.5603751,52.3793631],[4.8999019,61.0476494]],
[[-0.1142124,51.5159343],[-0.3629521,53.7728413]],
[[-0.1340913,51.5259105],[0.9515806,51.8801279]],
[[-0.6745832,51.3768761],[-3.3124514,55.9175654]],
[[4.8999019,61.0476494],[-2.3251831,51.3791942]],
[[-2.7930437,56.3412484],[-0.1256987,51.5258807]],
[[-2.9761309,56.4598773],[-7.2324139,55.0449684]],
[[-2.2262753,53.4716848],[-1.581943,54.7637245]],
[[-3.3124514,55.9175654],[-1.581943,54.7637245]],
[[-1.6083557,54.9835312],[-1.7884589,51.6031655]],
[[-1.581943,54.7637245],[-2.25335,53.0097723]],
[[-0.6745832,51.3768761],[-0.3629521,53.7728413]],
[[-0.4660128,51.534788],[-0.1487398,51.5150162]]];


