var coauthorships6 = [[[-3.4698551,40.5635185],[-3.4698551,40.5635185]],
[[-5.7893648,43.4023018],[-3.4698551,40.5635185]],
[[2.1649567,41.3878668],[-0.4219087,39.5173983]],
[[-3.4698551,40.5635185],[-3.4698551,40.5635185]],
[[2.252197,41.4929543],[3.3837891,42.8518677]],
[[-0.4219087,39.5173983],[2.1649567,41.3878668]],
[[-3.4698551,40.5635185],[-3.4698551,40.5635185]],
[[-0.4219087,39.5173983],[-0.289592,39.5349312]],
[[-3.4698551,40.5635185],[-5.7893648,43.4023018]],
[[2.1649567,41.3878668],[3.3837891,42.8518677]],
[[-3.4698551,40.5635185],[2.1649567,41.3878668]],
[[-3.4698551,40.5635185],[2.252197,41.4929543]],
[[-0.289592,39.5349312],[-0.4219087,39.5173983]],
[[2.252197,41.4929543],[-3.4698551,40.5635185]],
[[-3.4698551,40.5635185],[-3.4698551,40.5635185]],
[[2.252197,41.4929543],[2.1649567,41.3878668]],
[[3.3837891,42.8518677],[2.1649567,41.3878668]],
[[3.3837891,42.8518677],[2.252197,41.4929543]],
[[2.1649567,41.3878668],[-3.4698551,40.5635185]],
[[2.1649567,41.3878668],[2.252197,41.4929543]]];


