var coauthorships8 = [[[-0.4841009,38.3648376],[-4.7172343,41.6548577]],
[[-0.947957,41.3097229],[-3.4698551,40.5635185]],
[[-0.4219087,39.5173983],[-2.4405665,40.8871917]],
[[0.373535,38.9796944],[3.3837891,42.8518677]],
[[2.252197,41.4929543],[-3.4698551,40.5635185]],
[[-3.7968864,43.4731718],[-3.4698551,40.5635185]],
[[-0.4841009,38.3648376],[-5.7893648,43.4023018]],
[[-0.733852,43.3386612],[-0.289592,39.5349312]],
[[-0.733852,43.3386612],[-4.7172343,41.6548577]],
[[-3.4698551,40.5635185],[2.1649567,41.3878668]],
[[-1.091476,38.0417213],[-3.4698551,40.5635185]],
[[-3.4698551,40.5635185],[-1.091476,38.0417213]],
[[-4.7172343,41.6548577],[-3.4698551,40.5635185]],
[[-0.733852,43.3386612],[-0.947957,41.3097229]],
[[-0.4219087,39.5173983],[-3.4698551,40.5635185]],
[[0.373535,38.9796944],[-3.5852497,40.4435566]],
[[-3.4698551,40.5635185],[-3.7968864,43.4731718]],
[[-0.733852,43.3386612],[-5.7893648,43.4023018]],
[[-3.4698551,40.5635185],[-0.733852,43.3386612]],
[[3.3837891,42.8518677],[-3.4698551,40.5635185]],
[[-3.4698551,40.5635185],[2.252197,41.4929543]],
[[-5.7893648,43.4023018],[3.3837891,42.8518677]],
[[-2.4405665,40.8871917],[2.1649567,41.3878668]],
[[-3.4698551,40.5635185],[0.373535,38.9796944]],
[[-3.4698551,40.5635185],[-0.289592,39.5349312]],
[[-3.4698551,40.5635185],[-4.7172343,41.6548577]],
[[-5.6689,40.96603],[-0.4841009,38.3648376]],
[[-2.4405665,40.8871917],[-3.7968864,43.4731718]],
[[-3.4698551,40.5635185],[-0.947957,41.3097229]],
[[-0.947957,41.3097229],[3.3837891,42.8518677]],
[[-0.4841009,38.3648376],[-3.4698551,40.5635185]],
[[-3.4698551,40.5635185],[-5.7893648,43.4023018]],
[[-3.5852497,40.4435566],[3.3837891,42.8518677]],
[[2.1649567,41.3878668],[-3.4698551,40.5635185]],
[[-3.7968864,43.4731718],[3.3837891,42.8518677]],
[[-3.5852497,40.4435566],[0.373535,38.9796944]],
[[-0.733852,43.3386612],[-3.4698551,40.5635185]],
[[-3.4698551,40.5635185],[-2.0073525,43.3138068]],
[[-1.091476,38.0417213],[-3.7968864,43.4731718]],
[[3.3837891,42.8518677],[-3.4698551,40.5635185]],
[[-1.091476,38.0417213],[-0.733852,43.3386612]],
[[-0.4219087,39.5173983],[-3.7968864,43.4731718]],
[[-3.7968864,43.4731718],[-5.6689,40.96603]],
[[-4.7172343,41.6548577],[0.373535,38.9796944]],
[[-2.4405665,40.8871917],[-5.7893648,43.4023018]],
[[-3.4698551,40.5635185],[-0.4219087,39.5173983]],
[[-5.7893648,43.4023018],[-0.4841009,38.3648376]],
[[-0.289592,39.5349312],[-3.7968864,43.4731718]],
[[-3.7968864,43.4731718],[-2.4405665,40.8871917]],
[[-0.289592,39.5349312],[-0.733852,43.3386612]],
[[-1.091476,38.0417213],[-4.7172343,41.6548577]],
[[3.3837891,42.8518677],[0.373535,38.9796944]],
[[0.373535,38.9796944],[-3.4698551,40.5635185]],
[[-1.091476,38.0417213],[-3.5852497,40.4435566]],
[[-5.6689,40.96603],[-3.7968864,43.4731718]],
[[-1.091476,38.0417213],[-5.7893648,43.4023018]],
[[-3.5852497,40.4435566],[-3.4698551,40.5635185]],
[[-0.289592,39.5349312],[-4.7172343,41.6548577]],
[[-0.4841009,38.3648376],[3.3837891,42.8518677]],
[[-2.4405665,40.8871917],[-0.4219087,39.5173983]],
[[-3.7968864,43.4731718],[-3.4698551,40.5635185]],
[[2.252197,41.4929543],[-3.4698551,40.5635185]],
[[-3.7968864,43.4731718],[-0.4841009,38.3648376]],
[[-3.4698551,40.5635185],[-0.4841009,38.3648376]],
[[-4.7172343,41.6548577],[-0.4841009,38.3648376]],
[[-0.733852,43.3386612],[3.3837891,42.8518677]],
[[-0.4841009,38.3648376],[-5.6689,40.96603]],
[[0.373535,38.9796944],[-4.7172343,41.6548577]],
[[-5.7893648,43.4023018],[-1.091476,38.0417213]],
[[3.3837891,42.8518677],[-0.4841009,38.3648376]],
[[-5.7893648,43.4023018],[-0.733852,43.3386612]],
[[2.1649567,41.3878668],[-2.4405665,40.8871917]],
[[-1.091476,38.0417213],[-3.4698551,40.5635185]],
[[-3.5852497,40.4435566],[-1.091476,38.0417213]],
[[-0.4219087,39.5173983],[-3.4698551,40.5635185]],
[[-3.4698551,40.5635185],[3.3837891,42.8518677]],
[[-0.4841009,38.3648376],[-3.4698551,40.5635185]],
[[-3.7968864,43.4731718],[-1.091476,38.0417213]],
[[-0.947957,41.3097229],[-0.733852,43.3386612]],
[[-3.4698551,40.5635185],[-1.091476,38.0417213]],
[[-0.947957,41.3097229],[2.252197,41.4929543]],
[[-0.289592,39.5349312],[-3.4698551,40.5635185]],
[[-5.7893648,43.4023018],[-0.947957,41.3097229]],
[[-3.4698551,40.5635185],[-3.7968864,43.4731718]],
[[-4.7172343,41.6548577],[-1.091476,38.0417213]],
[[0.373535,38.9796944],[-0.4219087,39.5173983]],
[[-3.4698551,40.5635185],[-0.733852,43.3386612]],
[[-0.733852,43.3386612],[-3.4698551,40.5635185]],
[[-0.733852,43.3386612],[-0.4841009,38.3648376]],
[[-3.4698551,40.5635185],[-5.6689,40.96603]],
[[-3.4698551,40.5635185],[2.252197,41.4929543]],
[[-0.947957,41.3097229],[-4.7172343,41.6548577]],
[[-5.6689,40.96603],[-3.4698551,40.5635185]],
[[-4.7172343,41.6548577],[-0.733852,43.3386612]],
[[3.3837891,42.8518677],[-1.091476,38.0417213]],
[[-3.7968864,43.4731718],[-0.289592,39.5349312]],
[[3.3837891,42.8518677],[-3.7968864,43.4731718]],
[[-5.7893648,43.4023018],[-2.4405665,40.8871917]],
[[-0.947957,41.3097229],[-5.7893648,43.4023018]],
[[3.3837891,42.8518677],[-0.733852,43.3386612]],
[[2.252197,41.4929543],[-0.947957,41.3097229]],
[[-4.7172343,41.6548577],[-0.289592,39.5349312]],
[[-3.4698551,40.5635185],[-3.5852497,40.4435566]],
[[-3.4698551,40.5635185],[3.3837891,42.8518677]],
[[-4.7172343,41.6548577],[-0.947957,41.3097229]],
[[-1.091476,38.0417213],[3.3837891,42.8518677]],
[[-3.4698551,40.5635185],[-0.4841009,38.3648376]],
[[-0.4841009,38.3648376],[-3.7968864,43.4731718]],
[[3.3837891,42.8518677],[-3.5852497,40.4435566]],
[[3.3837891,42.8518677],[-0.947957,41.3097229]],
[[-0.4841009,38.3648376],[-0.733852,43.3386612]],
[[-5.7893648,43.4023018],[-3.4698551,40.5635185]],
[[3.3837891,42.8518677],[-5.7893648,43.4023018]],
[[-0.733852,43.3386612],[-1.091476,38.0417213]],
[[-0.4219087,39.5173983],[0.373535,38.9796944]],
[[-2.0073525,43.3138068],[-3.4698551,40.5635185]],
[[-3.7968864,43.4731718],[-0.4219087,39.5173983]],
[[-3.4698551,40.5635185],[-0.4219087,39.5173983]]];


