var coauthorships0= [[[7.7123002,48.6046787],[6.0593155,46.2391497]],
[[6.0593155,46.2391497],[-1.2545588,51.75786]],
[[6.0706367,50.7768129],[6.0593155,46.2391497]],
[[6.0593155,46.2391497],[4.89017,52.3688]],
[[6.0593155,46.2391497],[7.7123002,48.6046787]],
[[6.0593155,46.2391497],[6.0706367,50.7768129]],
[[-89.3940996,43.0920898],[6.0593155,46.2391497]],
[[4.89017,52.3688],[6.0593155,46.2391497]],
[[6.0593155,46.2391497],[-89.3940996,43.0920898]],
[[-1.2545588,51.75786],[6.0593155,46.2391497]]];


