var coauthorships2 = [[[-79.3875172,43.6686165],[6.0593155,46.2391497]],
[[-0.1309167,51.5263952],[6.0593155,46.2391497]],
[[6.0593155,46.2391497],[-73.9571123,40.8106295]],
[[-71.0817241,42.3628704],[6.0593155,46.2391497]],
[[6.0593155,46.2391497],[-82.3422156,29.6519557]],
[[6.0593155,46.2391497],[0.108564,52.205687]],
[[6.0593155,46.2391497],[-79.3875172,43.6686165]],
[[11.7687597,48.2697678],[6.0593155,46.2391497]],
[[-83.0094938,40.0002591],[6.0593155,46.2391497]],
[[6.0593155,46.2391497],[-87.5962878,41.7860023]],
[[6.0593155,46.2391497],[139.9407354,35.9053633]],
[[6.0593155,46.2391497],[-71.0817241,42.3628704]],
[[-83.16261,41.1171562],[6.0593155,46.2391497]],
[[6.0593155,46.2391497],[-86.9091505,40.4517096]],
[[-83.6709317,42.3125148],[6.0593155,46.2391497]],
[[6.0593155,46.2391497],[37.6130966,55.7571509]],
[[11.4441833,44.5749359],[6.0593155,46.2391497]],
[[6.0593155,46.2391497],[-0.1309167,51.5263952]],
[[37.6130966,55.7571509],[6.0593155,46.2391497]],
[[6.0593155,46.2391497],[-83.0094938,40.0002591]],
[[-2.2262753,53.4716848],[6.0593155,46.2391497]],
[[-86.9091505,40.4517096],[6.0593155,46.2391497]],
[[0.108564,52.205687],[6.0593155,46.2391497]],
[[-73.9571123,40.8106295],[6.0593155,46.2391497]],
[[6.0593155,46.2391497],[11.4441833,44.5749359]],
[[-82.3422156,29.6519557],[6.0593155,46.2391497]],
[[6.0593155,46.2391497],[11.7687597,48.2697678]],
[[6.0593155,46.2391497],[-83.16261,41.1171562]],
[[139.9407354,35.9053633],[6.0593155,46.2391497]],
[[-87.5962878,41.7860023],[6.0593155,46.2391497]],
[[6.0593155,46.2391497],[-2.2262753,53.4716848]],
[[6.0593155,46.2391497],[-83.6709317,42.3125148]]];


